+0.16714392972767638801 +0.23727139289914678244
+0.24341298616270246047 +0.05540962379042851937
-0.24659074908127404102 -0.02910762590520266091
-0.03054146774315341650 -0.10709822590406120613
+0.03151332259705008632 -0.05425203305848069757
+0.03242204074022581040 +0.06358792780860139660
+0.04138317577461925190 -0.23424048479172115966
+0.18315115112047641865 +0.02058532702443116591
-0.09650641768558526623 -0.10731871873342035961
-0.17123205246599082496 -0.17073272306299358547
+0.22254572572979369749 +0.18659961782042805423
-0.16890356752994445388 +0.10405323349776829378
+0.19157048862425524183 -0.12914454169284994567
+0.06484141646437424633 +0.19795243775238730022
-0.20218373112927645607 -0.22293768408799863323
+0.04622369472742537955 +0.09889970716341900392
+0.22717610208919930548 +0.11654967248876602071
-0.09666308678074331251 +0.12224977906588280208
-0.07467461450056256389 +0.14903923214635134142
+0.23476263827582199983 -0.23595947643389914017
+0.00664763411326146914 +0.07376560073414012431
+0.02876208992643436435 +0.19456333809771320098
-0.10914919719920379571 -0.06455294391574678547
-0.17176394111857140601 -0.04654641319066715743
+0.24210268566943393687 +0.14243482395279893904
-0.02439253093764559566 +0.00543171427673028173
-0.18195701878572956289 +0.02301288123792993856
+0.02000932061304960818 +0.11770102856102582223
-0.04165196064964626910 +0.03709235705551644502
-0.03957990600946020843 +0.22731587333650671301
-0.16203512429586064414 -0.14020946482478824358
+0.04112981999070081107 -0.18512227652634810626
+0.02491165398610600823 -0.01451146225699645465
+0.17242835493219821341 +0.24773025777232288158
-0.13790560583266775474 +0.06357682922919055679
-0.00912224976254139008 +0.19678591577804221968
+0.19527128436084850716 +0.08689507453641576173
+0.00956922587676067860 -0.19898047189232059839
+0.09066320909442249221 +0.23395540126984148976
+0.12241672280885101953 -0.12193346771601243361
+0.24781808718465547781 +0.00256712648078244454
+0.13421145101911974296 -0.23118739026095475042
+0.12965535627222252169 -0.15697604265095349563
-0.13064602935014735241 -0.18321559579171570187
+0.20797814359653665761 -0.11972833975380037241
+0.19395433226892039302 +0.08986094338830624695
+0.12646538898621284552 -0.19871896237159769605
-0.09802414477882415156 +0.05468471732136592767
+0.22027311062621912630 +0.03552262313407494876
+0.04804798352130174033 -0.16374454004068034196
-0.18824830234621564573 -0.01404171159859018969
-0.16769913884586057362 +0.10826411474785180289
-0.03956376967597402539 +0.22523199728494164296
+0.12139664738503791463 -0.06468419270901681895
+0.13729623600554946572 -0.13885389396719038935
+0.02567892177102976126 -0.22758458962158545358
-0.12911574945504367129 -0.05528077504328621217
-0.15756834873021591248 +0.05755298339304604216
-0.08706191093545884163 +0.11055966314787391003
+0.19713665804539987070 +0.02058389155720996566
-0.01374537038388434773 -0.20033290842337569959
+0.19054338287585742551 -0.19406100665638925662
-0.24998573577691340919 -0.05782551998102897217
-0.06616396819831193987 -0.04916604670164420599
-0.07731202600528225277 +0.04136277796974308085
+0.11643086676432590210 +0.19342153949734308682
+0.18313143673867610106 -0.04584629194964262577
+0.11605898785994778200 -0.03032077104451552652
+0.14377478661117737424 -0.23542887161046582856
+0.14567989834004835270 +0.21723117657375728973
+0.17840618788799217365 -0.20507103976515189681
+0.19548921624141535336 -0.07238431571053471902
-0.23757255997319859375 -0.14353214612019754570
-0.00917970571349713271 +0.08699152092350642684
-0.24048513043764546682 +0.03218501285192343353
-0.12652935137241527741 -0.11799840703603597936
-0.07265123512609544809 -0.17346774061738334805
-0.00461880251127533281 +0.12542175296579050059
-0.22304507969858056171 -0.03490426266075419282
+0.20151315758120991184 +0.12473969568503018301
+0.15020817108224460146 -0.16576316619299485966
+0.09751019432289331768 +0.20893042985993487415
-0.14903583521616564633 -0.18848502837514174990
-0.22691748002820699703 -0.21539273580954781950
+0.18574912005838911666 -0.12979725735087643823
-0.14883716548168479665 +0.01330936665833576393
-0.13138836187312896708 -0.20169057157819098025
+0.10875995412730815604 -0.06307647207586980498
-0.19506228262295766118 +0.07650257345322286628
-0.12171983283802179088 -0.22143830648840645559
+0.04551397445923049956 -0.17659557657647739770
+0.11976935349669548536 -0.08056346731333680067
-0.24951613432577990359 +0.14794084667992229987
-0.20587869794900226506 -0.17648230971138756384
+0.15408033395545966959 -0.07599461809531060652
-0.03240624906681294215 -0.02986681880414909784
-0.12616709209528326197 +0.13369749748335041373
-0.11538659253134109228 -0.12375484169230571707
-0.03096781218943778224 -0.22375531518586855295
-0.23775775077452948603 +0.22756269282198893222
+0.19620115518578157277 +0.23972999359603752723
-0.24067901104034739035 +0.16778934884353047252
-0.23499977641874142398 +0.08552315388616726910
-0.22092035100709384032 +0.10979986266759661495
+0.24607876924477289915 +0.07998380699660329052
-0.01384789232639238588 -0.21974180884474059372
-0.11560783716529010601 +0.08907230228022322560
-0.12239542637003419934 +0.18368684434513454784
-0.10425681056790647716 +0.07692382057932439787
-0.12209232526820551490 -0.01741996673469009549
-0.02651446676315571960 +0.09375014692170385855
-0.21913489817782949576 -0.04825127731456385627
-0.21702602333289133796 -0.08026531236046874351
+0.18205117401030146418 -0.18660265861158020773
+0.20171226721716800645 -0.13125162685234814663
+0.10232862629877981231 -0.02936605442370165964
-0.11989620733270778263 +0.13836180474253978456
-0.20902810254840031856 +0.19553995697787668329
+0.20241985689777913793 -0.04190025779968048480
-0.02318756808814820269 +0.12361909016354644120
-0.04468265694150358458 -0.16294474616467197192
+0.16217017151393964269 -0.22344735535624893341
-0.09909639294560573797 -0.02782601486864505480
+0.13071661006821483353 +0.07418721483033419162
-0.21170646160845774109 +0.20912403434439391647
+0.15839640288116224598 -0.13554221354301831948
+0.22675366015419273769 -0.06847168598353614577
+0.08013885135038750773 +0.15741023462659470278
+0.04263109430540501510 +0.07652506093384198183
+0.00005269437919963593 +0.23408606409438492690
-0.14235964986478422123 +0.12952569073618974693
-0.13227003413540089349 -0.05378406049326917016
+0.12546275177252202981 -0.10858230564766424564
+0.13871585797724467204 +0.04462360949700716617
-0.06029332472603710080 +0.09453007591847101265
-0.01818453517745760584 +0.04867416878618463505
-0.04267760722688795916 +0.21915821378849303924
-0.11234116513801206683 +0.00049324024339353345
-0.18466817236231242161 -0.22635554254159045984
-0.24080927338526536552 -0.07788835936952220873
+0.11039456703307476415 -0.16295351524683038269
+0.22273527706373408286 +0.17677974369955667955
-0.05196577430017823573 +0.14296965269763445283
+0.14073221992789897161 -0.19857270633760149003
-0.08172155369535855085 +0.01867843062850588209
+0.04961717520864999953 +0.10583425340560287387
+0.21226426518860114223 -0.09065233237174258329
+0.09820740576743547390 -0.16013612513001801441
+0.07362969551112008570 -0.01943055378465569083
+0.21381965028451521693 -0.22061134321903352884
+0.19142149218146897738 +0.15026635422450068669
-0.24303649425014861585 +0.10940326393191757148
+0.22784145419317658465 -0.15398012730940779935
+0.07699059309531186557 -0.20341422792536834052
-0.02629550622086640477 -0.16024685594312876313
-0.20767848259308147041 -0.20763494968384654804
+0.23381147028495991025 -0.06276518858543939094
-0.22597684645988969088 +0.04427207274845745832
-0.15758904723506084178 +0.11805213205936027077
-0.19027811171485708996 -0.02913097257762464753
-0.23432260473191490746 +0.07773509657430055508
+0.00159806266998357982 -0.02524603015526866168
+0.04258949858835320290 -0.08570410520038529434
-0.24040318531831827986 -0.21934145101668645061
-0.12966118526659703436 +0.17638794847951316802
-0.23135429984949207327 +0.09932207727153380405
+0.00525543979652870474 -0.03047663967182540068
-0.15595742014399760489 +0.09689726510157048445
+0.01118326375675843254 -0.16003237226996069875
-0.09527996136039817987 -0.19105647258875124717
-0.09463760453580349896 -0.23826260478114935637
+0.07996406308032172339 +0.20086413868964475560
-0.20080085445243917031 +0.03390353192355394230
-0.14480600738645060810 -0.22002184995571061332
+0.06692694163005330488 +0.01093929864066778279
+0.18559463616542548614 +0.21836263161084806805
-0.08541471907295233867 +0.20224910346121072191
+0.13701920018132224266 -0.05751959509221282740
+0.19663391819003700478 -0.13538048900716598277
-0.24702946952642235168 +0.12449483018770873821
-0.17399025998620309963 +0.20950744099612172988
+0.20988945749341347824 +0.23710969966972000877
-0.10920897106930627096 +0.07463611385972301893
+0.22014241122626898584 +0.08124097020898052302
-0.00861856536232247228 -0.00798374619559233389
-0.03499729411560303927 -0.16466244948931202385
-0.19183477265632092879 -0.11362416101833400228
+0.13579144441372614782 +0.07283002980355063327
-0.22761223437512034806 +0.01618317988652662187
+0.09659759380370763759 -0.08102738042641394189
+0.16253962063477800370 +0.24884937282667796143
-0.08303868969470523664 +0.20691043969526740076
-0.06220948851014457270 +0.21649704746244291531
-0.06072459733133300785 -0.02450272395941310855
-0.05496249773878586486 -0.17338536345951988116
+0.24824649301740669971 -0.22548889755579976102
-0.02984419316028064095 +0.16805885892478517052
+0.09851440715508347212 -0.12524942179822384780
-0.03146547469479638037 +0.20914115106903058416
+0.23190153876851626880 -0.15615626234514756732
+0.10139386817750234426 -0.21655504324972013608
-0.15959389720468408758 +0.22806753178396721449
+0.01184230705497313352 -0.21557438140273438298
-0.17099592001707009103 +0.17695800570739228519
+0.09349895410180980582 +0.11817886204831007380
+0.13485227651299253049 +0.12170753654277266520
-0.15196993313698786698 +0.03872411633874084380
-0.24465765539204198387 -0.19026137524852382299
-0.21808575698178267466 -0.18512461654986839266
-0.24541556253559598799 -0.06799262884740014945
-0.09871788515736668046 -0.16840762523955116192
-0.03751183322249274088 -0.06331038166301239389
+0.00896796303709762599 +0.15066598166189654195
-0.15533938763301369246 -0.03369335029040004814
-0.19798420386263193560 -0.13495804977811765024
-0.06938161494894345971 +0.24680583804198641396
-0.12735281838862844150 +0.07482050957660041357
+0.13340057888630502125 +0.08976737945712848221
-0.10614132964928618685 -0.11660496821011973045
+0.12054084873244852449 -0.04583447591213979377
+0.04486126236164944547 +0.08976712443739603975
+0.03944334782224584446 +0.12676671001247186155
+0.04972213127227198548 +0.02218657492065423398
+0.09690434347324217157 -0.12477338670522930553
+0.21697917338081718075 -0.04183178817303384589
-0.24969731904670683376 +0.03924629914221305915
-0.19721271647367166757 -0.06174081336464187775
-0.11778466415107025078 -0.04742627548483779876
-0.02040162966266995115 +0.14172856236174363742
+0.20326605914812867493 +0.08881644108610686761
+0.03939474093751310635 -0.19827467786697716701
-0.03593794703218239350 -0.16129223956697141817
+0.15798227770343076237 -0.01625794615140241373
-0.10411233680252945932 -0.22467190134786257927
+0.07693625508687768066 +0.20641773516900263630
+0.10319088556926930833 +0.10701230654261639774
-0.01221973363288592074 +0.01009193185744794441
-0.15156029341487337048 +0.23468881128080026910
-0.04861600303186913719 -0.10168613960822420195
+0.09865922353729672523 -0.06462824143085910134
-0.14156372593289912043 +0.03275789941550838469
+0.07705347602677753427 -0.22032661494328104057
+0.15554892267987296961 +0.16271224715126514360
-0.11704087957187758740 -0.08616842638446459146
+0.20875851692606911536 +0.23990979367453413307
-0.08996934638046849564 +0.07203257673011970175
+0.24497482538708448274 -0.09847924533465807206
+0.08835304517211473030 +0.24751565959148885687
+0.18141891250565717053 -0.00200583361116363212
+0.18673326728934752650 -0.24299850895510377580
+0.09206361430354548236 -0.07256802915327864589
+0.12674820739099990075 -0.08582860858818602834
-0.07719265422547677558 -0.24156181277515154093
-0.23523687455818087511 +0.08734818324066045969
-0.23553731320857390630 +0.19419991184786267180
+0.05219000662424211345 -0.02225046826140397727
+0.20560640151688008848 +0.17108475885552032469
-0.00125928793343454970 +0.14746426946057689111
+0.22381951337946059954 +0.05266587719841081539
+0.05895421552695179201 -0.21896102413151952160
-0.19964705957410672221 +0.24244649730823630840
-0.15501439664541938335 -0.14928271710757384794
+0.16161009675662996177 +0.00351727460513306944
+0.17592797939525783857 +0.00195595024480477164
-0.02322313058921848805 +0.09094925850356599950
+0.06838697981649993762 +0.23839775619368275272
+0.15480905369168174168 +0.11348613383609473804
+0.09097857055231323153 +0.24603904909620616381
+0.19385221588387840930 -0.22495544389081328918
-0.07164133955494755845 -0.23035484566936959006
-0.11486770183839228876 +0.15491011665132170538
+0.22775706791752803326 +0.18375399804078856869
-0.07612965395016890735 +0.18376839662131422282
-0.01306950005374252211 -0.03079204862731649284
-0.22859993912564169349 -0.00912365525055774951
+0.21995859178614723950 -0.07006017904637529270
+0.19761933415898952360 +0.04436286279668105736
-0.24043636947247798430 -0.00411834764972535128
+0.18545491642374162256 -0.00543764890800119138
+0.24469396869470205758 +0.03034572176335259552
-0.13365461212527279811 -0.17089642398662791001
+0.13832406406038555424 -0.13356866447696824629
-0.07539779698991361245 -0.24864126762560706529
+0.22854132083231903927 +0.15923073224242106916
+0.17644345968127117530 +0.11260152179714794096
+0.07984077778862663788 +0.24366386772820969320
+0.08345539947963420691 +0.09968182912119216699
+0.16605851574266394799 +0.13524337513652523457
-0.22917543877298490740 +0.12430503012464583223
-0.17211638892471148310 +0.06556123724278178910
-0.04123534541555906596 +0.13992676593722613854
+0.17835174551505267315 +0.08379132403577682631
+0.00523030173730404391 +0.09435629343481566345
+0.16295615506589938848 +0.14101594011069035206
+0.20202003208864682815 +0.01538271678067970605
-0.03135235929869234495 +0.06462693313869055656
-0.18381340790435568566 -0.14224073498940420501
+0.21917033956065529177 +0.22864914438676353647
-0.18157318459271226674 -0.12303875210816755947
-0.01855680262145159576 -0.23758574169811824683
-0.23831579031675181879 -0.04320684112491401940
-0.02070698352182975821 -0.21957852862961674267
+0.07545123510103290965 +0.01184229757350785395
+0.11239080795991224226 -0.24168077711337726532
-0.02773812837724731750 +0.10842998747649418290
-0.18141128708616005571 -0.15177643625492326374
-0.23486351377306746713 +0.22346860420055469909
-0.06015877870055824639 +0.20682540339914040617
-0.22114763523996527894 -0.15445821920597441190
+0.01310613115945447049 -0.00908943280997426273
-0.02310417760205685234 +0.04910215505563608751
+0.16107339894723787799 -0.16355614804846929644
+0.19976582338614123913 -0.11447941595023969352
-0.10642285368390380640 +0.08273203410755780585
-0.10911753349426339676 +0.15085010693213501964
+0.08162021462361795932 +0.02587517441875919477
-0.10247254388342180720 -0.22440238805469397976
+0.21632056742934230309 -0.21809716325075106935
-0.19153726046805286121 +0.09903268215966770649
-0.03968423732923076486 +0.11014742438357294496
+0.24087429175322666586 -0.21273955502386537875
-0.01930299649344491275 -0.11881768100288991885
+0.01265730179053575766 +0.09648978323843904192
-0.14496893703819846433 -0.22250311945688827642
+0.09307097353418930519 +0.18426410548015903501
-0.00496575333649995621 -0.15526393387881126662
-0.05804306000855974368 +0.07431395586151418042
+0.13063196608764959805 -0.16051606957518077534
+0.12834324919162759526 -0.22402158788641507448
-0.22097022444648189987 -0.07581988800341876722
+0.04688947088336420377 +0.08705271414823190224
+0.02049033313035192316 +0.05820874212022619787
-0.24300866877307025771 +0.06870184210598639929
+0.23949503938133565040 -0.14588807924156654838
+0.03272632911054734750 +0.15054872532366531113
-0.20282143160695370598 -0.10547668559479744799
+0.24957554394960734800 -0.18729656401862071480
+0.00451367179061706869 -0.00108381074426489032
+0.00108318209723534675 +0.05893588819445022553
+0.03695174124154843032 +0.21658872881723223447
-0.10301885637561197795 +0.23329099378633094686
+0.17972901861707141213 +0.09935891189900625253
-0.03703121062723213619 -0.10397683882769565011
-0.19510592216444766489 -0.01366565191202412377
+0.12522761117569258804 -0.17157047887633974925
-0.19427799533188061520 -0.16024829698299847269
-0.16186489412359278406 -0.07121249588621730853
-0.10722972714877299083 -0.14675469749141151210
+0.18945069927994517833 -0.22912615235744471232
+0.21968635297000277395 +0.19969996086053604101
-0.23850686389100511642 +0.21377409802036911879
+0.22958708206384664807 +0.05700216140866232184
-0.05436505297477539633 +0.20092236600732377161
+0.16914792797562516746 +0.18912397667507274690
+0.07773536962820348784 +0.06303580798473562563
+0.01054880770095473208 -0.01559931027224864541
+0.10004776908235407662 +0.23174512833309846016
+0.24129146095693726481 +0.11248391507810834300
+0.14666374226268885650 -0.00158485938791991243
+0.08824949079184141176 -0.23764308929592864450
-0.00331237717656512887 -0.23596941067914928292
+0.22811925379100972400 -0.08543610809659918370
-0.16281484389339850871 +0.13404303970587255757
+0.01310611263477001742 -0.11147368670157803416
-0.18212763364102435570 +0.07849878907661050897
+0.24461363338217279040 -0.20567033637877779606
+0.11216733801614353627 +0.22484549718735119539
-0.24813187187605284523 +0.02269704219669488321
+0.05529078706387230424 +0.10094937311439600158
-0.00642153314795274044 +0.23511124315649439831
+0.13463672575129714826 -0.13362456328261546057
+0.21046143748834389431 -0.00904629121728750540
+0.03534667407669261907 +0.23881419467781700439
-0.17221458124140226476 -0.12700072197576273147
-0.18420073564458078197 +0.24122061568346808702
-0.02092920595083036517 +0.02825135927721772466
+0.20520372761473165690 -0.21201864385416374637
-0.20424908636092675707 +0.02588745952915866289
-0.03870346799793805692 -0.18449171145419296369
+0.24815240566982438297 -0.19227779459670402140
-0.20623746488116012632 +0.18517405339399334308
+0.14629201968720823013 +0.16151127744450544110
-0.01376902779598004889 +0.24647095304484684108
-0.22112690212487989827 +0.08253422083466593895
-0.18008652024628835076 -0.22398436795975246172
+0.16716939066081426546 -0.21825491745215791495
+0.10170676825652186226 -0.13482494204889727829
-0.18269959051422218765 +0.17992876502347165957
+0.21938219499506678156 +0.18322051340890915805
-0.08253169894622830460 -0.10583226013704338797
-0.10679437684933146269 -0.10096241939425709688
+0.23421257728403105380 +0.14599446423520295868
+0.11835171945242156655 -0.08557065635082761190
+0.08234963430487324265 -0.07753416274731389501
+0.24374291185672541937 -0.08074233070054270822
-0.01033763772100793066 -0.11326728622896059528
+0.10384496875456794562 -0.15336643397500626662
-0.23500011797779679634 +0.13891751171750582605
-0.19558532229255853885 +0.24102970559078895629
-0.15262563120028471708 -0.05878004876441517146
-0.00478410018129987735 +0.23595867055317365502
-0.19492810750123179542 +0.13766566708748240178
+0.05774169689032254693 -0.05463258031975543050
-0.04380115329894329612 +0.05112523283477893310
-0.04976462577925439001 +0.12723181062351879289
-0.03140379599256526433 -0.03229821340975680410
-0.08078869611509159609 +0.22111279466621402978
-0.14929283055448233641 -0.08311302051863012075
+0.13587470889341390912 +0.02730316070850380417
-0.08531006485415887353 -0.09961267363216796955
+0.06194835941940834978 -0.22567168993921660203
+0.02844926900426003602 -0.09157810535971794286
+0.20210000870775390869 +0.19043565285308683421
-0.11629673090724740314 +0.02577306827708741865
-0.04570895607646691117 -0.00497600749529036879
-0.15344027253732533955 +0.00931106360805328270
+0.00181938313399809815 +0.21868417460069949909
-0.01628169397284745523 -0.21101341187669447885
-0.13898053616739519667 +0.07467066545761125163
+0.20537785582701068021 -0.21912743009652102533
+0.19129115828092718710 +0.23750761239024131832
+0.06390656535876731992 -0.21150629035996720839
-0.21848654489137198098 -0.08404041961293101659
-0.09851721144890329684 +0.24451345697887655328
+0.16137098140717320849 -0.24849157381129804989
+0.17991411517991040547 +0.16386785108807283562
+0.07065226910840954888 +0.23261031676374027688
+0.07193172351737819881 +0.08417871440243879233
-0.01402398601062893047 +0.15550312223894657837
+0.17986739478938684744 -0.09168908101719308590
+0.04379491353008674315 +0.13945267199372768374
-0.16586034441754121671 -0.07227445322251208060
+0.17741308007815387304 +0.11572619668787326175
-0.19263845381153671399 -0.04062253472904814311
+0.14472965344178995162 -0.21724737138205074682
-0.16083029417161381902 +0.07822176448997192333
-0.11491069714807294888 -0.19577998834381404869
-0.24807280038827522750 -0.21258627257433887481
-0.02065264629037100175 -0.05875000838538724235
+0.20049574903212080690 +0.07440495881440689629
-0.00884730397180377715 +0.14828601614047109969
-0.20765605639070638944 +0.22293781936177403669
-0.08154449462864449272 +0.01470141559721777069
-0.09325507310881719913 +0.10049281841576801488
+0.23976369187280044404 -0.23905908262127917308
+0.14706258469842392600 +0.02233609858027302275
-0.08411111020388739590 +0.06533156876479995212
-0.04152273431917380409 +0.17653963467775141138
-0.20884570884687575498 +0.18609162017562180802
+0.00198336024077688799 -0.08494248985025576459
+0.07866101759436250340 -0.17988325885075828747
-0.22774907023837315245 -0.22639626762664977200
-0.06221655878892856650 -0.17057306488610751716
-0.17142562269295358313 -0.24355439682493568165
+0.06660978600809419614 -0.21935640639872500124
+0.08289821913760270222 +0.07264101037927023219
+0.23918309474832316619 +0.01230448842407605436
-0.04451341591546065235 +0.00973929562576208996
-0.24868644602617540063 +0.02541062853456904636
-0.12436197102755047750 -0.21899635342453022124
+0.23942734950431465712 +0.06408079423036655564
+0.02146617975688003277 -0.12724222197491807940
-0.10797368202628970790 +0.22213305893534901481
+0.10316403977661720015 +0.08603426615559661705
-0.02433877107995674471 -0.03283492884720995431
-0.20793267420195499229 +0.17392606176284036712
+0.11072833354145344975 +0.09588561556930180751
+0.00073163589160879505 -0.15643849273853721593
+0.13045238435926037601 +0.01253867272398889732
+0.22665902156152079039 +0.04023225148226344805
-0.23524966994562579448 +0.12984357643059390996
+0.02987427869373199263 -0.13354921504992761649
-0.23399287031454218955 +0.01212500684405359852
+0.09852720016689703320 +0.08126740491982192838
-0.21467073034517364372 -0.11228180047397906538
-0.18662780820797875148 +0.09439617408974432244
-0.17778997244464150862 +0.13173928479038049533
-0.13574920410912161284 -0.12409171505111415978
+0.10245620594626297928 +0.23089637927701106568
+0.24055836425773979848 +0.11970184721328203103
+0.19708911085493835413 -0.04811434432590105947
+0.13108692621544382195 +0.12094519354580424153
-0.11391839627338518071 -0.19867889371938585175
+0.01027634981972463946 -0.01121993248403113652
-0.16317099713820221174 -0.04954733784789960849
+0.07644903824869131448 +0.16002548370398694821
-0.18275305990687629176 -0.19783923998453689652
-0.11094106249890872684 +0.22348307056552718652
+0.17098872041069446137 +0.22264555499431831764
-0.13941723455593618697 +0.12569927635160149659
-0.15777444936748019622 +0.23479109303336576087
-0.23415381692851461315 -0.14109072484726797869
-0.09124159049184626946 -0.15451027083080293156
-0.19488603626715483852 +0.15687576664362962164
-0.19981195108062027588 +0.02150562484976148436
+0.16375940358759139004 +0.20343308139108856603
+0.07571931247231283857 +0.24603994157814557120
-0.10690614617804172770 +0.07348910684773479751
+0.02263898835278804755 -0.21905138946746904871
+0.17423949489216750131 -0.21177681358949468349
+0.16951774880164705017 +0.04769903221096261081
-0.22405005336873407007 -0.07053366074181044443
-0.16422182453206218833 +0.19494491374210143331
-0.15377722033750013120 +0.24822372588000063409
+0.15686633273173633540 +0.07538537213948220961
-0.16401154434747172717 +0.17196723658608564778
-0.00722467648632341142 -0.00011971522773307486
+0.16713068808699810264 -0.06122364436295174572
+0.16868902905190813479 +0.22305372736656098320
+0.22015074826612407444 +0.09197713526835399334
+0.07284398881027237538 +0.14695850438479796107
-0.01359115324746912323 -0.11104210411742893028
+0.16983353754399038715 -0.03384836028826776477
+0.13143324646113602183 -0.14306173123908877409
+0.05020569895849036346 +0.07290785414501943507
-0.09864659555327415230 -0.15159874558903790875
+0.03371261171857931060 +0.20217841640606470932
+0.06416721329211388936 -0.03507523406006896050
-0.14899611618900832077 -0.18338609149676698973
+0.12828641751359126655 +0.10249891012944462032
+0.07387298787465079730 +0.02861877748006208533
+0.23780291012120824412 +0.23647370783430943231
-0.00012869421615097076 -0.24473610601159334621
-0.02832387218902227000 -0.19530909833475673665
-0.23937518873361934846 +0.22037360626818813802
+0.19715906732656229838 -0.24733771762595269106
+0.06381845824744369899 -0.05597602949958968566
+0.23378403196372593564 +0.09628527553594828925
-0.11807087241866176530 -0.01488727270290818305
+0.23095403520925350538 +0.21586902060762708233
+0.01289661140474512857 -0.14059663368313030096
+0.04996384082200061583 -0.07312350255794475284
+0.24477428871355627615 +0.00603827582236271532
-0.03023601157951949503 -0.20290252943611869485
+0.09740593601231761767 -0.09419695004573863661
+0.06412883688308207430 +0.00318723651088043125
-0.14740838377936388293 -0.09544199256277591248
-0.18032663482740918237 -0.01054971717731290060
-0.06454109448437167496 -0.06914447770799708737
-0.01790303158499018110 -0.03082399534859342483
-0.13140449808239856866 +0.10508491657155916155
+0.11704013347402619782 -0.05540395137277742688
+0.17727131370827381440 -0.06170646538470048181
-0.11179158488150475748 -0.08616676183050581139
+0.20854495659137045616 -0.01013935355699624452
+0.16834544173647786325 +0.09891410428155106294
+0.24250352685827303301 -0.13728497582015924960
-0.10089255427160864764 -0.00516827765536831407
-0.07877754439898432270 -0.19271460303370346878
+0.06596728533056744892 +0.00616659763056487398
+0.19868299496550917427 +0.18083872414710988608
+0.00459349703307188051 +0.03239289641511855500
+0.20797012427139494051 +0.01920300807266933640
+0.05916908804577020176 -0.18494457933480401568
+0.02073974216248014590 -0.13993217968796878292
+0.12447153725887399878 +0.14988113307052552958
-0.15514123468923313176 +0.01075639118927396165
-0.06996494722436380487 -0.17930407670867748449
-0.03639342997854350115 -0.14412041740426084768
+0.14720295199477689829 -0.22128223138647934443
+0.21480964066147822944 +0.15043707403162925873
+0.05377056128441859428 +0.18198375594602755889
+0.03311417603119298780 -0.12357100673487081410
+0.19089506255668808876 -0.13673171390188210150
+0.01551050696567640719 +0.19938735377302113649
+0.17837156776339835318 +0.24811769592691423902
+0.02387390731221772366 +0.17652841900699428601
-0.14674331268997808930 -0.22719175106251204843
+0.13789980189949491152 +0.10814086891618057695
+0.11286560877680501536 -0.07176639896470349278
-0.11188871401675604123 -0.04905169775990375625
-0.24388040064933774742 +0.10503022959625946120
+0.13781682489594743179 -0.14031845834452599808
-0.18407692421015808826 -0.05318043450901777103
-0.16932870037258784812 +0.02763415114101225312
-0.02460393659576487480 +0.06463558530762147925
-0.03302019084941754112 -0.21656339691051340601
-0.24724057321920839270 +0.17367447392188611888
+0.17286903120928892585 +0.22264146491063446787
-0.14894707468322443411 -0.02928639591939513620
-0.07254797405588148118 +0.06183109766814759434
+0.02136774358459586631 -0.01026661423357139169
+0.13912532116869980037 +0.04756227371011423344
-0.13728872424181176592 +0.15463280749339769482
-0.22923422784395164342 +0.17862259242789141345
-0.13930266183321610152 +0.00557236518745157783
+0.23647512243829454937 +0.22630084092833380183
+0.10569597226963861614 -0.09063111830375547573
-0.12980502537989158096 +0.23974724719197088030
-0.14966157438818450398 -0.07800209560779247653
-0.05191573720005121517 -0.21752199163715013608
+0.01708912052985761543 -0.00819398079514294109
+0.07190396639205337559 +0.11565772420814529609
+0.00667147715204580161 +0.04708854740983298148
+0.17119208146726233588 -0.10750480460888889311
-0.12146121710459079068 +0.03432075535855577675
+0.19376288012262327110 +0.18161757452497701015
-0.05669983566176745038 -0.00016148175464825165
-0.17953406855920817087 -0.06911453983906107323
+0.06482877314147172942 +0.11297396844519169701
+0.08487149106707408963 -0.07980864055747383112
-0.05738956938011585684 +0.03136330976864409870
-0.17293093731488623499 +0.22914266530523030863
-0.00515961574481937912 +0.19327759605088068451
-0.23496680016313931105 -0.23317227443652543961
-0.24990226848190771891 +0.11572143130960721447
-0.22023082367003710136 +0.05020563704814079431
+0.16684806968105547753 -0.18909961554790960525
+0.05865711093793413156 -0.24807656074198553009
-0.03879572215152377046 -0.11143671915307828968
-0.05695578827819997025 +0.04668741256158270847
+0.06683032981077452472 +0.19060782688217486891
-0.17445139070159138006 -0.12699255099286577142
-0.22418335110568310409 +0.19003568630683714824
-0.07172785720913532614 -0.21348159639867575477
+0.23503085218060654205 +0.07615975603514946179
-0.23081273890189429876 +0.01802472002200139478
+0.03596574267133129110 -0.05319585394237724696
+0.13563658090317631810 +0.07051049032267031613
+0.02524428069240663985 -0.17815710006250362607
-0.02434383483811924931 -0.13671789215711055432
+0.20590602498050325497 +0.11712726754416025177
-0.21254373367694812114 +0.13811412892307456390
+0.22197225915839047250 -0.24556893412040547986
-0.02345668804840228550 +0.03182470229889178270
+0.01892441937639538496 -0.23026294886884923763
+0.20697613071920117900 -0.21900888889524533498
+0.09335806656754641608 +0.02928585119083848554
-0.03427286005979329753 -0.01181935847728204925
+0.17495003922989216250 +0.14367826128622768200
+0.21977794711270931538 +0.14849090914373297423
-0.03648260853468948683 +0.22635410350400092527
+0.16238556074070714663 +0.05012988067513013402
-0.22069585745053477144 -0.05176415208724149952
+0.05085570963836338887 +0.15394047346442063517
+0.15729507072340431773 +0.07389525329625334926
-0.17228263943725852236 -0.14942167021025709595
+0.03150513480617722628 +0.20555036948692173571
+0.02871146867200358166 +0.12877001032119050894
-0.04113564208000447531 -0.14949850175464235447
+0.15558975289452281476 -0.18458836915705867376
+0.24214651275720600054 +0.22686661591268741933
-0.10510103908587792310 +0.23676245006291496420
+0.12920858821890446322 -0.22630411310363640620
+0.08691211506421908650 +0.17713035266193710715
-0.22252724778021276686 -0.04066876197234514656
-0.05923559542588852089 +0.04671808870516375167
-0.13830033422432363999 +0.03403350738705884782
+0.04186420289023418118 +0.14117811020730874905
+0.20162645193018391421 -0.19301307063183403834
+0.23903845662217482193 +0.12564745892147399786
-0.17957915672588437017 -0.14833953593884502409
-0.04139617627060998561 +0.16894043732879404640
+0.06531071928981035946 -0.09457696949298666222
-0.13099892665490608934 -0.06341375455812575668
-0.14100200322797756813 +0.17113609025198794900
+0.15702579696101554019 +0.11942621949787657343
+0.08599375291065070037 -0.12787101672077400005
-0.15185867847790979202 +0.08718078564092945903
-0.03391901329011359767 -0.14199645704235547283
-0.01703109871990438062 +0.10876267276161494246
-0.01981549429317058797 -0.07336639052253990378
+0.08983432170504085379 -0.12018073971337406292
+0.02159176178316218886 -0.03387838758206224155
+0.05816781430151096721 -0.21819459135128338456
-0.11076467569267406388 +0.08618416208348694818
+0.11822532198174451334 +0.07746768388633179514
+0.23536286918424892400 +0.10883398517018755269
+0.10638298815500280003 -0.08727454848069865490
+0.19604291741378382374 +0.09047572051825142347
+0.14589380436273352570 -0.19128716580174620621
+0.24676085632631294953 -0.07291362246529364821
+0.11115447173545006665 +0.21205174785847430430
+0.06847882706647628881 +0.08883532757443868277
-0.24914466103532861840 +0.21063211835516537640
-0.21649952934943311744 -0.01648184542760822158
-0.07298352452226397613 +0.18806748952864260627
+0.02378594786094884173 +0.15612540871731395153
+0.16478503158853480270 -0.21255868386851728413
+0.03773792876978632194 -0.01501331467760408378
+0.17033850643979453476 -0.23219897624608537567
+0.14949492930179919536 -0.12267801996894700522
+0.23091238844540207253 +0.23634049072549123682
-0.18074749879004969877 +0.22558928620740792415
+0.20156717698106435543 +0.20441137900404299232
-0.12921281473687501462 -0.06720851239630681873
+0.19085875905309768186 +0.02962450547331291206
+0.19418401492131970310 -0.14282077552668093201
+0.04384914550551799461 +0.10766140385020112058
+0.04876214602016110122 -0.22537279948595428936
-0.15274966236158576960 +0.17121789580771695771
-0.04641017808065478478 +0.22936468857586272962
-0.14367935813099586007 -0.13431131326047279773
+0.01651288328836592045 -0.06212240499028021112
-0.02505405338171590168 -0.24785360751836033044
-0.13140504727051482980 +0.04589090484921898305
+0.13595414824554963307 +0.02976294221131559059
+0.14330850250877025243 +0.23985607464595032345
-0.12501235682456757203 +0.07110769317371706810
-0.19071357393482840648 +0.17070888489437185953
+0.21645405462868416713 +0.20171686889510781482
+0.17179163958892401665 -0.23015220010981113363
-0.03698364030361067645 -0.09401958666720749980
+0.17291899393112086791 +0.16485468672510911192
+0.15916651237680767839 +0.00859287559627242015
-0.17208304842340765850 +0.09306060009985506198
+0.23543664027260047256 +0.18585627879120397710
-0.07452874997304376192 +0.19834883561914290473
-0.24190659235868749999 +0.18367818579140199331
+0.04720413085411034881 +0.00118208415904302866
-0.06313889913292991540 -0.14822398017173149531
-0.23177009291265154856 -0.07968583554847974426
-0.09771144727793723561 -0.13775789680923783420
-0.12731282809492194819 -0.22547637420845639822
-0.07135800875091424800 -0.02015521472346282206
-0.10701796518575074080 -0.04722197705365827058
+0.01204862036289283678 -0.10826481230533596678
-0.23297630132743668563 +0.22221261543311443543
-0.22820930963795110769 -0.18910984838339961467
-0.13200671118339701859 -0.03641729931566645151
+0.19905178291155378734 +0.18346660064932351908
+0.19426097318312079976 +0.15334249305333724767
-0.09639080589520032660 +0.11858486674659951543
-0.17871958447267827230 +0.02154961157895562973
-0.03008746991071337140 -0.06650199320002053716
+0.01012627027946649827 +0.09859637618588501518
-0.00327695992037035921 -0.03153144822933223734
-0.10052003029503453480 -0.17001082560183528036
-0.23681489388247284333 -0.08329707113765705273
-0.17627457846167082778 +0.16233577178184027678
+0.05685158204015677841 +0.20451697809579627574
+0.03261147906855765832 -0.18923811252961192375
-0.00557931390671750904 +0.20143657737218767512
-0.21795546177359881312 -0.17945774546749154732
+0.03507813324263764354 -0.12218110377783625298
+0.21728521267029221598 +0.20314626427604187686
-0.23756368456925353039 -0.24642040540225906842
-0.09756458614888663394 +0.18173495507106857128
+0.12755920392037323197 +0.05647223798249523252
-0.01086649872033645936 -0.05304957370335972033
+0.11613434782957837710 -0.03557633055853320903
+0.01589302420665911209 -0.21751919281264026074
-0.22817157229389672946 +0.14312207348132910401
+0.05912482113035005815 -0.13002065731141998484
+0.15313436283642278823 -0.13785489598289840663
-0.08383133083392341200 +0.08219816494679038632
+0.11179233856121983948 +0.19555866033172092378
-0.06848491939391987415 +0.18781507586127477172
+0.19618499936568301045 +0.02573605755410723894
+0.21668903292406216377 -0.14513017797764121708
+0.21360462660877721497 +0.09085912403766949197
-0.00923803949598878127 -0.21156136889956395075
+0.21642272850408617035 -0.04449365834067686709
+0.09560541471534317326 -0.06801930820393381483
+0.24990544481999432680 +0.04358677032106234028
+0.23005603211573100175 -0.22556664746842614022
-0.03802040180942461989 -0.12484447602319087567
+0.07650733261873304825 +0.10865234064368245459
-0.13400813071679185118 +0.22822072522789671467
+0.24810488963494709003 -0.05069009653330708298
+0.15176625156007578221 -0.18620206373224806873
+0.22397742211924182021 -0.18985586493341916059
+0.15698066499960655618 -0.03962557356239243544
+0.21412830267232579873 -0.03785770167717933399
+0.21805787559603323489 -0.20220371604566533819
+0.16132479475545485892 +0.24340559765447189466
+0.23515524478969129785 +0.07435883099918727535
-0.13086559759042898365 -0.24850271599411832835
+0.03033557436885897518 +0.07687033153928773954
+0.10960945976751268471 +0.04803985351975997853
-0.03585549809585458769 -0.05084539714719216175
+0.17541943560646494626 +0.14128073398965734775
-0.22103081470298058253 -0.09582353378647839870
+0.23244337988430774367 -0.22587627556220385427
+0.12051426370062329196 +0.05841155800048458691
+0.14896525287458328712 +0.17848030027595512825
-0.18821836486415527423 -0.21653752471205239827
+0.02192733753506848071 -0.01136113993633230956
-0.11921176674646205562 +0.14438228627802579540
+0.22429730403495945490 +0.17744401223052658212
+0.24907935052866547743 -0.12003703952513106179
+0.13171721437141087341 +0.01812737253196966547
+0.23796496157591207066 -0.03335280449369737443
+0.23692327665614687504 -0.01641376278694084423
+0.06778451656451239815 +0.19758619984604014475
-0.19781215169700305800 +0.22254208141302123103
+0.16728454441631696037 -0.11053978238935241452
+0.10690393997914410251 -0.00388843571445207647
-0.19602492408583510608 +0.05218472101619431314
+0.14505308659059568122 -0.08069763514744449084
-0.18357617937596582003 -0.00820375435111220241
+0.22065752993967091555 -0.05950186362763087988
+0.11253388464724500828 -0.13791784917642951891
-0.10425811406799589953 -0.13492176023110724614
-0.16263887102439311683 +0.12495048834572641816
-0.17440520870834175238 +0.14560553553868516019
-0.24304353225281571937 -0.16108181844878943778
-0.10873532806642899340 +0.08192625438868050836
+0.18545520355441508231 +0.21753744475515024437
+0.05687745757864359764 +0.15827791027805571122
+0.07530838278213269898 -0.06686661403632931933
-0.12780243926467926840 -0.09384585911085996379
-0.20044430178384869956 +0.07130487911933564016
-0.15792259907029421173 +0.22974855427614754300
+0.22899573701539560622 -0.13334904556051863089
+0.15025051561940533373 +0.08658348448366831596
+0.22048688509455549589 +0.06555853564550379042
+0.09780548582357462273 -0.05557734002191955236
+0.05060637873013262844 +0.24195274179499864919
+0.09905301518508230485 -0.19902656650906885849
+0.06401360191227500884 -0.15349706582775185515
+0.17438836012729647118 +0.12171935181945864324
+0.04060890431370900444 +0.09043935438074540700
-0.10431103329459356921 +0.04645274583623992815
+0.20874361983710221224 -0.02041361679560654840
+0.00443511033029880819 -0.20191613835744348648
+0.21522762294663555505 -0.02374012734036945460
+0.03805194658060973012 -0.02056784312666676273
-0.08717917385482581993 +0.07964818232576770241
+0.06298909630241350532 -0.00792954990741695509
+0.07411330188432624366 +0.13977597419201270856
+0.19700907395977923509 +0.06368392798654881615
-0.19983742299584178470 +0.04426371091445541195
+0.01849386652636780815 -0.19997071857184417487
-0.20026142756401082989 +0.10255948721074931163
+0.00754504537677952447 +0.14930104708638708422
+0.03296468073079672489 +0.12752263389821993922
-0.05544106887720151589 +0.00995120559469842014
-0.13300628976933082104 -0.06753234254044498952
+0.13316554644660938411 +0.23010451337917564585
-0.22496614243944612621 +0.03880383281545363161
-0.08067367641773648401 +0.02324348975434231690
-0.16291686689655099363 -0.17430946955345971716
+0.23502460329646829296 -0.04343316535224711616
+0.12184953099961270961 -0.04389638269101986401
-0.21784987295776725436 -0.14945319080335522921
+0.01083441275826874106 -0.21014051570088781995
-0.14337524221763287002 -0.02427344532560610224
+0.18895027319295226720 +0.08298699502082834689
-0.10276422897206982654 +0.02933779372712796985
-0.09941994341588444861 +0.12639041267675438229
+0.22939797236151848736 +0.23361879037494714950
-0.13883619180928330472 -0.22614463940688483978
+0.04039599593916548548 +0.09659514487675407990
+0.24653235623860192405 +0.14636270524924088754
-0.03265149193368216407 -0.11996610310129651733
-0.14303250492368252411 +0.17695048431150034451
+0.15332549307814075101 +0.13408594832968928623
+0.23740713789043327298 +0.17428248546875330094
-0.13239583776784780156 +0.12963945422659545192
-0.20991502903902348187 +0.17708779208974712027
+0.23321515443721096972 +0.09129682624264734425
-0.18798571342241793269 -0.03295718400714814367
-0.23102501328130459202 +0.05660121661390227210
+0.04204004073920747375 -0.03166962710957016425
+0.11514026151578216073 -0.02202917747254967695
-0.13073458863699355392 +0.09916911735573530340
+0.04684039581334764613 -0.08365357225324504542
-0.17079012705089985369 -0.16796093620925917067
-0.23611028562638347594 -0.23209376561358824320
-0.23366134569080704297 +0.20248261110297466336
-0.09502939415311018045 -0.16045482467612193211
+0.12259395848973597687 -0.16104164446970581359
+0.23040425963110489072 +0.21119883704979358630
+0.06848585743986507213 -0.14400428978672918934
-0.02416810524022927620 +0.06624561513672055924
+0.15730958852158755112 +0.01587215464908720008
+0.03119967399235512584 -0.17617868184062984716
+0.19564099709965870888 -0.21918009070654936865
+0.00431888704517952027 -0.06477343542277386179
+0.09765140383276371683 -0.08753879849889417697
+0.22730490815156795259 +0.01792403741246662019
-0.08386328780450630349 -0.15987378816023822825
+0.12064576475711513703 -0.07482067101596306946
+0.03027195311420333157 +0.08886379070016797721
-0.21286496106437524656 +0.18937405278665353503
-0.15786553389307089734 +0.03887473131368418544
+0.02152476609586434497 +0.19050247401828207527
-0.02360484685159242035 +0.19107664226801429619
-0.00521275948608301842 -0.16451928383988662086
-0.10677375323595428291 +0.19434889089969520359
+0.22301524934660760247 +0.04483421899449530068
+0.07424146188482333431 +0.07145474842729998555
+0.13386774813105656312 +0.14646725001215388229
+0.05071777460470028309 +0.19409463962656647862
+0.19234168440274362899 +0.14559866504791407760
-0.19937028963348307764 +0.00005798770376191920
-0.16867639536692075053 +0.21024783844942790401
+0.24873915027212828432 -0.05068477970548240785
+0.02578737429423222371 -0.24892009416092192309
+0.06549009574495595620 -0.12105110905595029003
+0.18276270682876732954 +0.15993944349699878993
+0.17792169010798947193 +0.15912815026653509554
-0.04868531633887873689 +0.03452157338301975464
-0.17352181069374050804 -0.03102878711903439557
-0.04865214207341028718 +0.16475181341638805987
+0.19953821597048276848 +0.03486344903995969302
+0.23535092832333742718 -0.03069986097694676896
+0.04578163708969373857 -0.00462841074314540579
-0.19221266605797576732 +0.24143340655107348169
-0.13531736569877689247 -0.22889563132781887145
-0.07338175046633704790 +0.02177946607957093050
+0.10121647141226469691 +0.10044935368099294770
+0.10363527265086114326 +0.04980833937084366836
-0.14826188570404902345 +0.11635463846167920510
-0.22477082956293981120 -0.22930862909538896055
-0.12700242782050674695 -0.12221141067270818725
+0.07910314581939720258 +0.23805188430011725575
-0.14378317074868429692 -0.03442394167306489505
+0.24939059184979406325 +0.07883159634636893731
-0.01185313602500587260 +0.10646079289167337256
+0.17103147808073931868 +0.22492350876643329993
-0.02816140326833860286 +0.00462275469372463998
+0.12749610481888962177 -0.07565876615897854096
+0.00834797336278625401 -0.11215690662627991747
-0.23494004062831708168 -0.22806342490348729957
-0.02530083121354714804 -0.19759567061376481778
-0.14923091256672965654 -0.23371784211852703050
-0.04241870039428313754 +0.09560561107113202395
-0.19726042043784247637 +0.17487095591108225978
+0.23230117910192249475 +0.12752316507584005034
-0.14747106096714057699 -0.01553674047286790483
-0.10619536888263553243 -0.14537895873149847548
+0.05178838963200182999 -0.08383309287002932431
-0.15437019997609879862 +0.19328259035048966918
-0.24201933523211827115 -0.17301083826825897072
+0.11949710028605847745 -0.12998555927546279198
-0.11059603706442705517 -0.10351547476747818832
-0.00050575476617936710 -0.19096214717014758921
+0.21308261167086200993 -0.04314236154907075127
+0.16928474012673017102 -0.24839296148539324882
-0.14511023165794367795 +0.19621459774915533947
+0.22204143295311012940 +0.16390644022035727456
-0.13283966442049366385 +0.17926343115793968996
-0.10509104438711669438 -0.07985801887439419877
-0.10544252564871292588 -0.13131050982080383349
+0.02516780484000358253 -0.20248067436150030129
-0.16202983255273195606 +0.10713415690533706348
-0.01339951856686316667 -0.00993892031691973044
+0.21745573959194275382 +0.05603758172282657934
-0.14434895914353268465 -0.09020065754773548550
-0.24705081988543231564 +0.16053049426592874704
-0.07735428071971728325 +0.13501098414353046584
+0.16669871068583991258 +0.24604088322031580915
-0.22484210058596670878 +0.15128415678935153155
-0.20764032139346255690 -0.13187083360295887013
-0.03228999635943669011 +0.08467142240402553144
+0.21806480829625068951 -0.12064154749174987868
+0.22714552596616421898 +0.12554890514596339646
+0.14398498718118840634 -0.17636831017243315145
+0.03011608603615317792 -0.06148850850847747962
+0.06109810280688077189 -0.10451537869940336067
+0.10725009000429647221 -0.14292068030142462964
-0.08561060111042317899 -0.23783399606406796511
-0.10125829428509525165 -0.06896425700138841819
-0.11248488981744891868 +0.09055389887724057951
-0.13286549010017795203 +0.19517454086500340971
+0.19811302402131342193 +0.08225315942196620433
-0.17266514028541452008 -0.17941790135898372238
-0.24185373742052401758 +0.17412253901681984392
+0.13869811196890724503 -0.23391011910786529970
+0.20411231941593693806 +0.20982712108390616512
+0.08915711874064197184 +0.06496966922761365781
-0.17242573950801337590 -0.20500859341858179707
-0.17241772941094590799 +0.07259248199310674998
+0.20165403152846811397 -0.16576845340618900915
-0.23283022175051815150 +0.01401323726303882466
-0.10042451611132940936 -0.20424772028638649157
-0.24934807835961547706 -0.15766211509237587629
-0.07399553900401611983 +0.16934252196499932630
+0.18493355350995754893 +0.12796693436499395613
-0.15477269111358116227 +0.07815747427564895267
+0.06497215199933126240 -0.23904795532364186972
+0.10701244675113502636 +0.14628514184691210342
-0.00962741939327488305 +0.04948875948057646079
-0.09176641629878024009 -0.14687748134978295678
-0.20472068465800596915 -0.18750914498270543351
+0.03334021611848719813 +0.12900569484609047954
+0.07754071256511091415 -0.20397188552806522210
-0.10604257099040681478 -0.06780282118354186149
-0.12699129477845477743 +0.07600754736908360565
+0.12727515332641647916 -0.19582781773364643652
-0.07839880422186296105 -0.05138106841612999354
+0.07619137173763579352 -0.18048526605679804380
+0.22114705115225663512 -0.14983710331210720046
+0.17615784125508715530 +0.07297547216936683956
-0.01071714687053071380 -0.06350507229348878457
-0.23519989389810119773 -0.05765391925650181770
+0.20508791680193200202 +0.07685533906707264773
+0.09896805961000515461 +0.12141522578102115215
+0.17920574742523109890 -0.06248460001260569552
-0.06738132111022321347 -0.08211934666031128760
-0.05362246978759582783 -0.00193867175840911621
-0.14869756247233295587 +0.12348155216099032661
-0.00363687667087564392 -0.09258841846425819311
-0.21348664984045645499 +0.00293269967752118887
-0.02764701424356708070 -0.02428886368984106703
-0.00353356718347780374 -0.21883146045547374747
+0.09879453526694492727 +0.21109832627179508924
+0.17781954444554198824 +0.18854019380392816885
-0.03224544631258730032 -0.24402699394155275003
+0.01513182803958362799 +0.09002535254071253323
-0.03377352742623140891 +0.02791538425453626848
+0.19847977537213351562 -0.05530749638821913505
+0.06003483043856683299 +0.08984437211305018600
+0.11007906065332123680 -0.13414116890252564263
-0.22773770314103108925 -0.23428780359049583559
+0.11906425361000105845 +0.09913338872574828375
+0.01593308877015264802 +0.21655520532110644760
+0.12541107500022513621 -0.09507370739889808853
-0.18274393285168571976 +0.12668490407852867063
-0.14909229177115268516 -0.18998019740652943854
-0.15472955985406239288 +0.09637290513280266646
-0.06788157156144325466 -0.22390413179328039206
+0.00664646186801193251 -0.16842313895219362951
+0.08508697394432584993 +0.14372044050482069011
+0.04577328135092040284 -0.17504226785395982091
+0.14429897397954094540 -0.01096465403381324810
+0.21908951024066086744 +0.03934422728045666728
+0.10642827208669120020 -0.15305983108549453542
-0.14669431981082781125 -0.22606027566374181648
+0.12650835812449390261 +0.03636191178243863842
+0.04397882342956149770 +0.08129032232209859599
-0.04484230105522046816 +0.03178327211696574395
