+0.00537822123864138864 +0.00232783089728467660
-0.00260656414507126752 +0.00255838733539597973
+0.00555291597511156469 +0.00077778988435305333
+0.00588712798842103667 +0.00272732105044431062
+0.00254329476387768656 -0.00006020573860084089
+0.00077341140348053197 -0.01067334083187295585
+0.00245164662804912619 -0.00065685560737168986
+0.00939862200259802653 -0.00497888822673678202
+0.00066580253654811763 +0.00649070287217158332
+0.00234863471473983464 -0.00053269360555365571
+0.00734350212612959637 -0.00026332051583450450
+0.00029548508851580044 +0.00879963397044552544
+0.00046309010116217346 +0.00214870061514351677
-0.01120808138323467831 +0.00239323156108515057
-0.00404772939026029448 +0.00816326332474916032
+0.00326840509919737801 +0.00961617541004496958
+0.00015461763025597340 -0.00197181276621732514
+0.00078735573058537605 -0.00727122124080387816
-0.00517337926736632231 -0.00176928569952044005
-0.00097515267210915258 +0.00257698501614730133
+0.00202890824244689833 -0.00435001430252230249
-0.00221217702458324219 +0.00337225470637901158
+0.00109846868370123692 +0.00024099424179891243
+0.00058780965994732824 -0.00005450651862678538
-0.00112395665464461213 +0.00573831076164429618
+0.00245964646483926063 -0.00521180384178840730
-0.00459375582865131915 -0.01103245082984802977
+0.00156625226771060907 -0.00500369889478049015
+0.00410207238070317299 -0.00897243987801175577
-0.00183677788520945993 -0.00252080780915715005
+0.00172988779928002438 -0.00300173388923088633
-0.00172464726803606095 +0.00176055954661108807
+0.00130575971371791732 +0.00811300251169967852
-0.00738459178176740800 +0.00021717852211968099
-0.00102877464216660189 -0.01192370851588529616
+0.00023840746238392775 +0.00206915453899664432
+0.00423080123306261366 +0.00285931539535875558
-0.00297928689801260247 +0.00154805914209764622
+0.00172065746486237559 +0.00458660962572628519
+0.00248463128337886394 +0.01059690870189352457
+0.00127922269740362118 +0.00053585158846623251
+0.00159383709786092950 -0.00268326658214142026
+0.00392773314967211854 -0.00764611337298980349
+0.00114705082599701855 +0.00742331581330788436
-0.00561844472312999707 -0.01338747296326494619
-0.00082888383953491542 -0.00408743022475305771
-0.00813635034295340752 +0.00283862105853485008
+0.00475280347525973250 -0.00701801652832313543
-0.00460348139668084397 +0.00097808952575526909
+0.00664007050312630590 +0.00177743197702344750
+0.00627001938271226546 -0.00000060543973256838
+0.00281557272784332350 +0.00731613506157023641
+0.00281158292045075812 -0.00564637825345123620
+0.00682155988520561588 +0.00320244156837795613
+0.00166983144482562044 -0.00011372918336953215
-0.00128456011933949154 +0.00339083512921770514
-0.00826986569583803600 -0.00111005266865741832
+0.01089846459446987444 -0.00835318550215718124
+0.00492686482268567608 +0.00075680860243464848
-0.00473825589869895578 +0.00442904159776883084
-0.00283347717411363154 -0.00116848219102462817
-0.00087100159167137156 -0.00151101524863510002
+0.00056509617134499783 +0.00155214330356315527
+0.00615821405788038491 -0.00533256820730688193
+0.01099663848399515774 -0.00255133980080603532
+0.00049577086744777114 -0.00081700132756033729
-0.00028102944801082692 +0.00538350796453438991
+0.00351888146681224746 -0.00533558535739271905
-0.00248841053428042538 -0.00258758603265062418
+0.00989834680291791849 +0.00449011894735931207
-0.00384971076571985656 -0.00516311627848992441
+0.00661550383328291317 +0.00639806130762238419
+0.00414375930885597238 +0.00357602589418969672
-0.00023714386980766208 +0.00006577827636263271
+0.00636721619919102151 +0.00214969557070269178
-0.00467927863685430392 -0.00091165567547935695
+0.00414928522241725904 -0.00385599964977018572
-0.00490612361395210972 +0.00593423869392984034
-0.00193960878540372470 +0.00843203065736503228
-0.00017398696417945275 +0.00220948552578000522
+0.00274227412974464586 +0.00568434252604411300
+0.00118425739820649228 +0.00476353251299502407
+0.00047922541518216318 -0.00363753557607765770
+0.00661959396624629479 -0.00415121724624810656
+0.00387817997182442198 -0.00367277949419765517
+0.00394701877507134744 +0.00739086107718905320
+0.01081117506520074684 +0.00500406023014890629
-0.00377777813789889182 -0.00044348046601796684
-0.00692673235192330181 +0.00241100296864923307
+0.00036934841052572911 +0.00186474621144237665
-0.00581127601467693825 -0.00553663375606100721
+0.00597434167496615608 -0.00497048190280817166
-0.00237199358108455046 +0.00076722080210999614
+0.00039598273346464342 +0.00444693506013801951
+0.00095513013686107705 -0.00647318485724826184
+0.00209551846437081675 -0.00052248372883263727
+0.00221369004041487190 +0.00256716015635793243
-0.00037543970078783031 +0.00466407320493127716
+0.00288299983419884739 +0.00437020983726117349
-0.00074067544519746580 -0.00069608859319769548
+0.01168322462357630417 -0.01013358309588894071
-0.00247832582317734224 +0.00852397014176032100
+0.00693861579381135386 -0.00247988592528107423
+0.00162109337105502621 -0.00116019461641402206
+0.00519818302413018688 +0.00322637997879378488
+0.00024747310123914967 +0.00290130481957250790
-0.00157321291344112162 -0.00296415564709490761
-0.00045073770908630908 -0.01285787316198239161
+0.00978957483824980171 +0.00359809179573162153
-0.00438196196906804475 +0.00080981407891321088
+0.00159605708212716456 -0.00321720670658092595
-0.00626794274828007709 -0.00525795361937914270
-0.00359859302986318503 +0.00089990929887267613
-0.00639093385107965609 +0.00392018452021543513
+0.00613045269942093587 -0.00329818744603249106
-0.00687464022702685522 -0.00180482093566416936
+0.00147341661973605497 +0.00304272435323431432
-0.00635433139591678412 +0.00819875881014276581
-0.00474528780629292733 -0.00375449739295396611
-0.00134659099693376508 -0.00556463548958853731
-0.00797237264219376705 -0.00402942426323231809
-0.00447578543524980964 +0.00365471820839783062
-0.00128557356219382093 +0.00069897711120972539
+0.00874154332199746434 +0.00483859552973377877
-0.00393545748235663365 -0.00118541107577510097
-0.00206585926777922389 +0.00126162522265904674
-0.00214009215859163604 +0.00490813037659750505
+0.01050294863494493670 +0.00967598465115252979
+0.00724333486202121280 -0.00624969482850085654
-0.00372161043524911212 +0.00392365374904723660
+0.00411837739980445289 +0.00103272014869042520
-0.00697745148130798042 -0.00101555997345387553
+0.00439305559924486541 +0.00590467339040420553
+0.00684283629821164953 -0.00162407933323660981
+0.00145002332104816022 -0.00107545463857121023
-0.00745698114635700779 +0.00059801576885867120
-0.00851669704465435329 -0.00534382220484663426
-0.00056076045407134258 +0.00547671528697879842
-0.00206091346652042835 -0.00041719078861553692
-0.00030713508278654579 -0.00225977078133204629
+0.00119580760334805848 -0.00119250472981770762
+0.00053817415668183243 -0.00632109691743015008
+0.00083993132993679461 -0.00729504695633599511
+0.00437525540803732158 +0.00192501747937415865
-0.00542538672068615651 +0.00303478047623856849
-0.00378433496507777191 -0.00208779749316528613
-0.00186898116426152628 +0.00074945659643432349
-0.00605297108211015622 -0.00268481968840566122
+0.00140261415672308541 -0.00173528842639790459
+0.00216631683810860265 -0.00079598856008777745
+0.01153979423140028687 +0.00141367616464553245
+0.00284828571123334120 -0.00057655460078745587
-0.00612015708743019783 +0.00583323872485429912
-0.00239398436004155911 +0.00647785966039978595
+0.01097204847517092158 +0.00736947705533647600
+0.00528803087589681600 +0.00007984999388498852
-0.01059073403585425281 -0.00428551581551826332
-0.00811807331074786663 +0.00551269506718559624
-0.00074660761328716524 +0.00243886856527890123
+0.00574106322958728779 +0.00537797351159099730
+0.00189149698196578657 -0.00612273414779681852
-0.00125325258709337484 +0.00729133599765516369
+0.00390621351720641958 -0.00437210742023592253
-0.00692648935230598308 +0.00794746983824974260
-0.00696313017884022008 -0.00367840765097014483
-0.00486964461098641360 +0.00409725190402178505
-0.00391049006432932569 +0.00172768408153088377
-0.00086996290970419105 +0.00933197930736596321
-0.00132159165508574173 +0.00228471764247479680
+0.00585067710514591485 +0.00750089526857963557
+0.00370021366428879058 +0.00415401467817996632
+0.00477609123961374605 -0.00324492204127129402
+0.00192801390323895554 +0.00154470533332022380
-0.00321699049426613483 +0.00314433341213456044
-0.00090057156828109337 -0.00262876302916251539
-0.00914907954755091873 -0.00263451018989870056
-0.00245137227938372303 +0.00278659401000826276
-0.00249524959374980513 +0.00486326401310940501
+0.00381128927303461384 +0.00371735158135839440
+0.00289243759044000709 -0.00114942705759549821
-0.00358826941247785986 -0.00365458256590948591
-0.00186462675167882604 +0.00014054999323367371
-0.00022027672633295617 +0.01017739128968667833
-0.00310689256451651555 +0.00215672056281189951
+0.00441277179040189954 -0.00014842630137363146
+0.00123330691250325415 -0.00378124507761876420
-0.00732488793724548129 +0.00029712301558376523
+0.00597237530758033992 +0.00382218110347080052
-0.00622419935789747959 +0.00064216559277038778
+0.00250870234371152693 -0.00297079823120289990
+0.00478892071774270414 -0.00578567255561400137
-0.00128483826425787248 +0.00083954231269687358
+0.00498230691304095592 -0.00144168529916499600
-0.00369925458752639637 +0.00579422057425286151
+0.00056216475805466958 +0.01189317259745425667
+0.00313419876161893148 -0.00284268338662146264
+0.00303599563478654331 +0.00024867310181756321
+0.00438280945499611250 +0.00019443857022555971
-0.00518021115580056830 -0.00217755671811111981
-0.00336988753178250975 +0.00505737441877447940
+0.00065211593520039411 +0.00229674385956472145
+0.00030494163665066706 +0.00479665189949481964
+0.00311355568996993801 -0.00182529626427148373
+0.00576187850008173623 +0.00838131955862493096
-0.00194889549412164721 +0.00885662558176427209
-0.00173454524586448859 +0.00126455182282240834
+0.00022597491359271481 +0.00345852398708118786
+0.00874538607088174574 -0.00290100950721575894
+0.00300448945248120826 -0.00141505797469291769
-0.00023678993395562491 +0.00421666343243411873
+0.00443458016211652033 +0.00462428728219897722
-0.00130837453131443771 +0.00456640818430642179
-0.00599207358883361262 -0.00528586582384693582
+0.00048501670137264226 -0.00177201693636481550
-0.00484874062153481823 +0.00184433952420502483
-0.00313360389566165552 +0.00086235253050264641
+0.00411069694257135652 -0.00309177515337569165
+0.00190443060415706176 +0.00020864702881557163
+0.00543768298462442637 +0.00212430468757305799
+0.00093849331649072804 -0.00410211006161225432
+0.00576053309041638095 -0.00441780889707968361
-0.00424717918779520323 -0.00062724670732728803
+0.00287626270648512570 +0.00283140744028336899
-0.00237454021227015335 -0.00813642137701646451
+0.00416580654410407189 -0.00132947804838558876
+0.00140912191446020954 +0.00073775941669660392
+0.00046183490678475042 -0.00372239841776544249
+0.00106237193923108385 +0.00096769096284231955
-0.00016455853196237560 +0.00175338393034784592
-0.00569228215864928284 -0.00229459630922686361
-0.00143952319952342432 -0.00748721517046071518
+0.00241398117513533413 +0.00222941579556373837
-0.00201861874795136644 -0.00539262074360423276
+0.00380009082085067985 +0.00064964918198675333
+0.00365669962324734589 +0.00567530947573787435
-0.00016420940160015397 -0.00428001494338931844
+0.00376743505767495549 -0.00729881598443846147
+0.00305584248470244530 -0.00132494151652263028
+0.00216427884573746265 +0.00220859768783164285
-0.00387288711366666266 +0.00034235112396631580
+0.00299526320975626766 +0.00834227092696480932
+0.01441823801665436354 +0.00259147542601847244
+0.00683888957375231032 +0.00821212285648406128
+0.00365856379937518073 +0.00295864212371304983
+0.00101922319009690641 +0.00582722590482067770
+0.00310811373809887718 +0.00391945513825725598
-0.00193162420672507266 -0.00064593129181569203
-0.00345284968379786731 -0.00836268615703816484
+0.00426636736604812765 +0.01029753426807662048
-0.00772462387706071563 -0.00073184513521595222
-0.00262699677231004181 +0.00118155530198979964
-0.00249085766991846615 +0.00054754995910459721
+0.00551583668779793371 +0.00293965144622602721
+0.00179017261544729255 -0.00628267716629270310
-0.00288479590658369343 -0.00642444860468636102
+0.00753927550992391799 +0.00379798978301216367
-0.00475706069398290719 -0.00278955706238038755
+0.00114457860332619894 -0.00409550761159621635
+0.00766651035592107177 +0.00159829099759789366
+0.00317166983413517478 +0.01154720988148589915
-0.00034834027218674920 -0.00114653432698199383
+0.00441103310169547840 -0.00812585195637966981
+0.00068105076633884687 +0.00529784765178733380
-0.00066170106319454573 +0.00822237743294127604
-0.00291433877946398103 -0.00912355620122870699
-0.00390698099519360808 -0.00191986364245382750
+0.00100341013768237932 -0.00503266535844358164
+0.00087539837053495775 -0.00056482100215651376
+0.00513399930695622019 -0.00536207624200685760
-0.00412411594493834483 +0.00707338954190558922
-0.00224239343368903225 -0.00044083142122690452
-0.00024209695843631753 +0.00258574418174651937
+0.00933113608791278845 +0.00158071804873067146
-0.00132824166833497327 +0.00114800682868615314
-0.00266825268157224469 -0.00531357549253979201
-0.00855251642087143105 +0.00171287251125168123
+0.00758366917634862268 -0.00385538694203882426
-0.00199083876759103238 +0.00267051183134226280
+0.00123752911534207120 -0.00371142392704353671
-0.00051132471361116990 -0.00245453682445456820
+0.00489435837860367241 -0.00662238483282704630
+0.00215256657768073860 +0.00553887636884820619
+0.00014366073428880878 -0.00706545236528981126
-0.00063340997708548113 +0.00580619423239645254
+0.00346928448562178237 -0.00068767419546473564
-0.00285790850633446973 +0.00468032050472043555
+0.00760086348331294372 +0.00046498004212706273
+0.00100936014516959677 +0.00313028825823825560
+0.00118455832851347776 -0.00574080854855270068
+0.00353516513720709752 +0.00176364731878087769
-0.00774396929258434116 -0.00076769587331579998
+0.00233269980382473565 +0.00650989719063943539
+0.00108532938910793500 +0.00101995635998489804
-0.00057366829838743092 +0.00041687405723456390
-0.00495992815132989453 +0.00437424483967271873
-0.00233765273168336229 -0.00286657286486283495
-0.00406920952311949288 +0.00106880503504164833
-0.00261731183528388350 +0.00124249243628569506
-0.00455927923800022485 +0.00198423610674723378
-0.00242150794902021250 +0.00443628367298520929
+0.00507588522184638808 -0.00095642993025241586
-0.00579187850717496466 -0.00715883316642181630
-0.00209270704569903447 -0.00545674067758395061
+0.00519467577761543661 -0.00296730120201497407
-0.00281201731504152844 -0.00254898875565401188
+0.00136715262577295250 -0.00219250769473897187
+0.00744276420671550164 -0.00529849510391554486
+0.00307441984770791092 -0.00352998133981347528
+0.00395765213118994680 +0.00386260262654087964
-0.00077628098230783952 -0.00082007560847400054
-0.00128325736550187215 +0.00222998230093409723
+0.00547152069053325439 +0.00473596091211171341
+0.00260084760977720084 +0.00664235762842286821
+0.00441960124332705512 -0.00560266796629126009
-0.01169721295748642025 -0.00619640705423515469
-0.00618504667212050642 +0.00211137474476979971
+0.00820632413606596500 -0.00005407766679098999
-0.00352454947637225249 -0.00041131907680503515
-0.00077691519119222263 +0.00071213788509730616
+0.00260112916949438965 -0.00100644755130972893
-0.01475114588134731827 -0.00160496222450609875
+0.00344204625952855125 -0.00442243190592518133
-0.00497448333453658856 +0.00101261284372154833
+0.00470681341873458500 +0.00135528033620116927
-0.00341860914663603011 -0.00405839666237432610
+0.00179578318614558811 -0.00392028669357935046
-0.00199333861012668733 -0.00164817889594614901
+0.00259067945571372698 +0.00399062071100569904
-0.00345269579064560886 -0.00405560750678005816
-0.00594161631726091571 +0.00001761359430287957
-0.00797662525303083000 -0.00768578491093052131
+0.00237403838117233607 -0.00277738063362504639
-0.00189890806473367538 -0.00058978895570889044
+0.00357005267129233746 +0.00325733685181130161
+0.00182869150283961079 +0.00991213004944059561
+0.00078994260939144341 -0.00933626623902471947
-0.00014867435213249841 +0.00235646200884216846
-0.00238296495585719938 +0.00199897327769073090
-0.00534331109468863530 -0.00436732975403017303
+0.00151492209185863673 -0.00407025698581402716
-0.00361643365270954099 +0.00080080182710957513
+0.00168266422569938361 +0.00484173084071539556
-0.00047173251095015511 +0.00011807907250121347
-0.00213260561050700962 -0.00721043089419713158
+0.00568328765410714559 -0.01065154259731074596
-0.00458122605080570761 -0.00157286270668211946
+0.00183702586183529101 +0.00028764729051269325
+0.00495569413070619594 -0.00131592973818597369
+0.00122544282056283272 -0.00182741961348206229
+0.00544681474251167835 +0.00371450686478020167
+0.00278024473043055097 +0.00617416329736644384
+0.00400284856826286627 +0.00189024104470412145
+0.00646165285357596254 -0.00178776985479168018
-0.00067321247521143993 -0.00297652037220323944
-0.00242232603841338297 -0.00391714009561400407
+0.00062330983689626524 -0.00348968174804641009
-0.00003949216932503145 +0.00009777781027582057
+0.00171204182481213317 -0.00158941454481745887
-0.00102102578122453130 +0.00757535855209296068
-0.00059748936872835719 -0.01166817096169348901
-0.00384240641618790839 +0.00383046744014427535
+0.00210617260527531502 -0.00593288816233996687
-0.00471448262506998957 -0.00333553234608094948
+0.00221228005377774230 +0.00791273363940778879
+0.00168143842777747398 -0.00179945077156262365
-0.00007302238064881906 +0.00342449029288969479
-0.00191161349825729214 +0.00337342179433300620
+0.00557245426754504614 +0.00452556544488403201
+0.00417284081596457079 +0.00769837084725011941
-0.00154633488169520330 +0.00303723871355536263
+0.00046184824263589049 -0.00307845610545259916
-0.00428016441078424986 -0.00038006078683813066
+0.00107417882209094010 +0.00412127059235547002
+0.00339010656024267554 -0.00245124448270660732
-0.00096559108201480501 +0.00111330985093367058
-0.00288965803176928536 +0.00075411486658144881
+0.01097275264713713436 +0.00422327693425925393
+0.00420197149870016936 -0.00235145870217030178
+0.00100518017916736632 -0.00163963849245821690
+0.00232532835742884410 -0.00454729207816543472
-0.00050827779582812553 -0.00310187353859822049
-0.00320032942812427910 +0.00981088815668818698
-0.00234189653578854417 +0.00564300015270125487
+0.00157489143011053912 +0.00409788186132567164
+0.00116251732506888941 +0.00072566552121074667
-0.00378555558412535693 -0.00161104018766428147
+0.00673108572886048275 -0.00504168574087732625
+0.00507449510295674300 +0.00633671611504817069
-0.00395922464909162324 +0.00451911241024226598
+0.00187882882767400651 -0.00411195308870193968
+0.00181480285605250743 -0.00660156518192477493
+0.00358710368052659115 -0.00171992026462852287
+0.00461121375815154270 +0.00205336062293657272
-0.00603443062482438529 +0.00473025169610308445
-0.00157757081492316447 +0.00214182772557874749
+0.00172296747147032518 +0.00062116383410384848
+0.00001860680962409954 -0.00235715836109167028
+0.00850758652033824399 -0.00081932313394111542
-0.00485122789427465048 +0.00089096645502521866
+0.00473681256173438814 +0.00404407594424761006
-0.00706282406646057716 -0.00090851352225888729
+0.00506798633804573552 +0.00139308864005709783
+0.00985783412809931349 +0.00259834201254234218
-0.00257820975593695467 +0.00181601559564416315
-0.00567848177106768191 +0.00503550418648224078
-0.00259281785536766719 +0.00298384439139957706
-0.00295478979547921915 -0.00181470189473143320
+0.00041278368005360773 +0.00207188224041177874
-0.00085237090991773521 +0.00333737235430922336
-0.00427749659203160819 -0.00332735293826930557
-0.00154227112317164715 +0.00233279583801530637
+0.00472609186856585723 +0.00146843516623034387
-0.00103913162954607195 -0.00209395084940840800
-0.00590808411592262835 -0.00438363734483512065
+0.00070153511022588233 +0.00168301190531765297
+0.00829548823283923938 -0.00451277746627640804
+0.00462067471192626096 -0.00160707523819864236
-0.00130568630530790257 +0.00392495741759340752
+0.00252246417103353920 -0.00063286920961670300
+0.00601473532042958673 +0.00009931224087888769
-0.00586003970205391418 +0.00063398570485434817
+0.00038116612670532901 -0.00454720403485644499
+0.00755196454077998978 -0.00377573447308956469
-0.00578422071403790136 -0.00310128993962037513
+0.00004524372585819553 +0.00165292848261317698
+0.00681948962834795849 +0.00145435750046247645
-0.00176329899278083774 -0.00636234133129820554
-0.00400438657390535767 -0.00348614828296220283
-0.00905187946261557831 +0.01027339264704944626
-0.00462413824517326696 -0.00069490996235513185
+0.00204524801502389223 -0.00241993465968084673
+0.00578941395410167026 +0.00277927311851046497
+0.00274897287397024483 -0.00341138212784268665
+0.00077534466124830771 -0.00056137863752587234
-0.00115921900699819886 -0.00199972657009240846
+0.00479644411857834546 -0.01056663439054745385
+0.00207452577802746388 -0.00014954109395237843
+0.00284043307820648324 +0.01011693080124253553
+0.00372594311585534464 +0.00016617012755717336
+0.00263559594820572370 -0.00458618389648393285
+0.00142959603675881430 -0.00372925668310576143
+0.00381362894539858917 +0.00589592931279672890
+0.00105489058181479378 +0.00173301408892157015
+0.00067974999284104766 -0.00267103366539592820
+0.00368111607796662525 +0.01252963619349814484
+0.00211106192769270912 -0.00339299568792342156
-0.00498397175319139404 +0.00180272273362182918
-0.00545571453544811246 +0.00517774666391784995
-0.00611418762084377405 +0.00073475940153598022
-0.00137372514119705677 -0.00235473253546227002
+0.00127895672651643462 +0.00091201141360579534
-0.00233884221762372269 +0.00088085142029257005
-0.00804511867814687934 +0.00018766534923272461
+0.00178303877172716115 -0.00315601717118263979
-0.00144256731256165761 +0.00137623832251564234
-0.00931371265082546820 -0.00041426738730534248
-0.00246721748865453682 +0.00391426602904624242
-0.00113318061153022329 +0.00023285483596003861
-0.00423595612328212662 +0.00171365323487156088
+0.00116305111385809267 -0.00389241920287158394
-0.00235605717724262937 +0.00176679426556032495
+0.00557408118319944589 +0.00702359372937635690
+0.00017419392214335192 +0.00056617478057046245
-0.00212387303505769294 +0.00435095439765503193
+0.00426405745833489599 +0.00875013639145834007
-0.00502746281648213528 +0.00051170482204496853
+0.00171772855534477751 -0.00508562386796735603
+0.00790342228833310068 -0.00167698121690900044
-0.00640526798678359242 -0.00140106841177299645
+0.00630077329144825785 -0.00667777962484403589
+0.00157438605085251718 +0.00509593046752798186
-0.00699269668323504630 -0.00183505239346532477
-0.00369148216323280254 +0.00319528813662295179
+0.00097272804731258784 +0.00157918376809422132
-0.00301255356725592003 +0.00020463870516593437
+0.00408874516793186846 -0.00700039820594724159
-0.00110189366091898279 +0.00147102429450223383
-0.00229232589180753538 -0.00700927176320987905
-0.00115713386396003662 -0.00282269785400820084
-0.00175152004352450768 +0.00519218583813792125
-0.00857636977011771301 -0.00218889857756526893
-0.00097399001389257469 +0.00389075884964939275
-0.00101419240233562068 +0.00068367865599910720
+0.00744280082436757362 +0.00125743258519675754
-0.00044149742890346819 -0.00265846524391109926
-0.00289248248677780474 +0.00143812966588607503
+0.00568846829482420966 +0.01310923800666570493
+0.00236179254932707052 -0.00944066103254486907
+0.00124056839439104678 +0.00029330001381301044
-0.00407961321184058430 +0.00937671202242682314
-0.00015926446960867410 -0.00068209420098557026
-0.00622848911830522871 -0.00272815262832076539
-0.00424864077028891830 -0.00372068875899670944
+0.00696329591328217947 -0.00064679781898814180
+0.00031692003616839667 -0.00529873758920201311
-0.00112181867413033197 -0.00317845117117110561
+0.00357048044814250922 -0.00024763296785913855
-0.00362303559812595342 -0.00843545247492278119
+0.00035187363546135557 +0.00166913603443015934
-0.00245612223585979419 +0.00182630514766419258
-0.00388656174985615565 +0.00399066097031673412
+0.00315322116959843805 +0.00241979535648242493
-0.00070026213481950376 -0.00239718277564033699
+0.00785856129376473478 -0.00316796254429023687
+0.00171613706425444807 +0.00713924254744534217
-0.00312070681216562078 -0.00217941098221298684
-0.00312085630944280816 -0.00667906044466103077
+0.00398759332421363445 +0.00605963807425677695
+0.00286200356437663582 -0.00009839950332028876
-0.00118265603482095648 +0.00375753145434660433
+0.00282493319288776995 -0.00067958487225346477
-0.00281164409719747606 -0.00406245888406469267
-0.00355971568064919041 -0.00024921133808431667
+0.00017745709811712771 -0.00442755997680056163
+0.00206934139321076098 -0.00307005811211759957
+0.00166130454921171425 +0.00235060270021816148
-0.00068956989380316832 +0.00902971329319535686
-0.00373306825623961240 +0.00605859032078614763
-0.00753459034946268175 -0.00245751614109920944
-0.00051617349239769378 -0.00825153981311132698
-0.00064848395285864631 +0.00502053553432061338
+0.00216284313598127248 -0.00413339482321354278
-0.00248479575945554114 -0.00533656517263475690
+0.00044245193444719970 +0.00210322595736273620
+0.00289657055383749171 +0.00833874372179093694
+0.00092874818881006748 +0.00598367857588442444
+0.00401586783682739146 -0.00108284603394202296
+0.00247126613363516301 +0.01104709810327740745
+0.00526620128884991868 -0.00232336056369703784
+0.00260956019491069471 +0.00029633114313308475
-0.00198807425067525989 -0.00317430963181117385
-0.00343706380222956681 +0.00077726572472576038
+0.00062291475552461012 +0.00767379842644228330
-0.00110008784878229339 +0.00821664569914538553
+0.00774774421213127781 -0.00464512001637624322
-0.00056705273542850907 +0.00526150809571770788
+0.00394047569048156226 -0.00005735500597542961
-0.00069295861572886311 -0.01077591992366358845
+0.00221875739803939617 +0.00064011958528362753
+0.00289587473194555809 -0.00136298435848446003
+0.00882153422958817032 -0.00009152404837906025
+0.00459890899428110761 +0.00259986176379199338
+0.00974081924926762863 +0.00645477330241529378
-0.00163366440444273533 -0.00471027884223913351
-0.00572368038464060157 +0.00111953517625861801
-0.01204210422052713267 -0.00372405385769711142
-0.00476984213807330783 -0.00353668045639089291
-0.01106023815169519635 +0.00366847937444792849
+0.01324765591097010545 -0.00074295755743423444
+0.00501508738748269404 +0.00377190334302759467
+0.00287178694497193434 -0.00541802451712881852
+0.00063593102448501727 -0.00265966678381839797
-0.00079896189421142490 +0.00585310841867980533
-0.00109655953702983118 -0.00006180736498144967
-0.00304831319628828855 -0.00137839950865419275
+0.00845043213678395300 +0.00837724567796407221
+0.00371996967843354464 +0.00771581358128062798
+0.00251032028900677415 -0.00051881018365780443
+0.00271374174408716340 +0.00013642691243539339
+0.00024985463581970362 -0.00016607374991127840
-0.00141792577575846138 +0.00043877015533573104
-0.00268420845720443880 +0.00544298518676642699
-0.00179121305152838599 +0.00263666364042388409
+0.00301056530987838964 -0.00399832443846824797
+0.00374119289888430939 +0.00496337605742839909
+0.00961024699080336060 -0.00224314803679851816
+0.00200080310974567284 -0.00277825653746682343
+0.00807093818573217936 +0.00766731768502835771
-0.00275676730502919182 -0.00597064319941428574
-0.00596246236182057521 +0.00186693625305108923
-0.00287049215996643689 +0.00884700249347263219
-0.00613274798358035694 -0.00314301803615608250
+0.00756780913217829001 +0.00272370616932563359
-0.00455518825774325984 -0.00352045493892620340
-0.00317027509812447400 -0.00392338968980734341
+0.00592510524296362834 -0.00103755728544303286
+0.00544936849058637405 +0.00669029472918928735
+0.00409630629914633972 -0.00306442475798313161
-0.00025755431875800882 -0.00505118498081326590
+0.00528531643262267550 +0.00296874333147725475
+0.00194516715963766358 +0.00236197451225380554
+0.00763200695706454067 +0.00428927382056513550
+0.00179360969870836270 +0.00814162314637936063
+0.00295840615928480346 -0.00658729187783796410
-0.00373526827763111854 -0.00186274992973668599
-0.00661721774668088628 +0.00136836598728395367
+0.00265270229155469993 -0.00017341425850572983
-0.00422877941589642342 -0.00308662422744399728
+0.00106038923305202051 +0.00231817227171764477
-0.01180630498197617409 +0.00004716716917466677
-0.00081675512296028145 +0.00397621283156518197
+0.00670740824969246179 -0.00300143199795370810
+0.00187579827991942545 +0.00631851408501435050
-0.00012720143296661738 +0.00079492891828043680
+0.00141357218412261503 -0.00044280586290172457
+0.00434364944787399027 -0.00023712507392907286
-0.00225669240476433948 +0.00269158332794083507
-0.00527371399948761525 -0.00000214482739961165
+0.00539737572811903928 -0.00465110696864308622
-0.00676895653709320717 -0.00149886370358744505
-0.00104554016991315318 +0.00008535694746617667
-0.00786718285716852747 +0.01013075903991422257
-0.00076431941586879671 +0.00888450319419692089
+0.00710276071829505848 -0.00161918383260136346
-0.00474764830644836076 +0.00251274667060979572
+0.00328283835980584717 +0.00264958467547918904
-0.00317047314692642333 +0.00205399794321858408
-0.00141157581900734196 +0.00505093309376255985
-0.00328023545066160552 -0.00275820241173394941
+0.00179361849182280045 -0.00360146686896152882
-0.00150417949432864228 +0.00904609345981934737
+0.00020866099933087797 -0.00121236550155197614
+0.00283950052487968920 +0.00764744141593044421
-0.01108620982057676591 -0.00801535348330842737
-0.00356474948277370283 -0.00651231251699511612
-0.00222406639577875983 +0.00205878709937951749
-0.00190734073466533225 +0.00113353859254680797
-0.00346647913679013105 -0.00586225261557238309
+0.00188118609892310470 +0.00126585283006693363
-0.00255648006182847363 +0.00167102927464615530
-0.00447850126569438595 -0.00072388637278834270
+0.00927029666945137880 -0.00127795654251548502
+0.00280428827404994446 -0.00502024888115737596
-0.00262807944404591567 -0.00211234362635332427
+0.00333270037241949158 +0.00468737408728143144
-0.00071516623000833892 +0.00302976926378288949
+0.00091506395288154605 +0.00651341769311641200
-0.00626479083138041341 +0.00471943800549749597
+0.00544872255119099175 -0.00264519269433094711
+0.00068725565003506994 -0.00989639658637005495
+0.00266705088961871443 +0.00061374360016363118
-0.00198739946595789200 +0.00251511484773778334
-0.00006297495317903281 +0.00009952744065063910
-0.00192611469233479652 +0.00555524425827185614
-0.00880850405325593958 +0.00781804853945651350
+0.00239293062579706405 +0.00747273329830088102
-0.00074723535372474194 +0.00175347803671751026
+0.00806204076566462841 -0.00140271881864242063
+0.00310500504279566554 -0.00458430642205461675
-0.00125407874108702535 +0.00133529964551035293
+0.00548608526010513353 +0.00192726328624377155
-0.00136491023162733883 +0.00155870171931260819
+0.00864020228782916809 -0.00199992645521261843
-0.00177709239804995115 -0.00612317035501581085
+0.00117850911204804131 -0.00716136839467997922
+0.00680692774856158245 -0.00043931402025568092
+0.00107021810179062579 +0.01411085608696091044
+0.00456459890042206287 +0.00123501466715891621
-0.00636952026468897738 +0.00340558305165774514
+0.00680356824370710253 +0.00736272561890094230
+0.00773131013097292773 -0.00136425096829528121
-0.00273962469762897929 -0.00587824738652882768
-0.00081407259558804405 -0.00476935378127715977
-0.00558349756322283185 -0.00393493951454964609
+0.00238006151641689378 -0.00001009784117739915
-0.00766154798915423107 -0.00513470867864612626
-0.00949385961327013292 -0.00929534204543153338
-0.00470477920218196483 -0.00038915910710043793
+0.00484702908207181732 +0.00121579609015701629
-0.00186759474901451120 -0.00386267998475441077
-0.00231580913069318614 +0.00385815399171117067
-0.00279101543897202322 +0.00896558589904417752
-0.00412352936870215032 -0.00323071478550046760
+0.00265697676281144955 +0.00617165413417049454
+0.00002509082953941109 -0.00158596774884517421
+0.00064665014723403586 +0.00354069160061690202
-0.00043073554180144205 -0.00740165288600421432
+0.00834232155385617249 -0.00189155596436152949
+0.00605864950334639857 -0.00788700287849079459
+0.00008184061045058560 +0.00230549742893035878
-0.00291833306536128058 +0.00435100590505327432
+0.00091088590687136073 -0.00306629311316986269
+0.00185189806068296347 +0.00379732762330008264
+0.00498064158111308393 -0.01050790875537896407
-0.00353461611375964447 -0.00542466526939904513
-0.00915293682411101421 +0.00032210677974123508
-0.00451613830923048611 -0.00076235920421032302
-0.00127802420402948558 +0.00132856897064659134
-0.00036298717702791224 +0.00249454369180806537
+0.00404647347237454928 +0.00132437319741391052
-0.00381964038516721671 -0.00000037023218000046
-0.00083383258915226827 +0.00564439514132468977
+0.00839620867811358140 +0.00184394260942587923
+0.00680581593991551066 -0.00200482343539897748
-0.00306665805538930848 +0.00360371264663963790
-0.01381090827326827628 +0.01164753029871015526
-0.00094965716975735468 -0.00093919326744267939
+0.00095085019761186160 +0.00207245048285875991
+0.00032199339501587463 -0.00199836750549343880
-0.00682454234066221573 -0.00017389952791257383
-0.00395355217744056478 -0.00660366607476968633
+0.00642430614905240352 -0.00050189480745585317
-0.00789150379719631007 +0.00247899546700312053
+0.00404989926586905944 +0.00147022515055327766
+0.00449432707130481123 +0.00191307876729603413
+0.00185139695714045256 +0.00084519840401333962
-0.00072291192992842519 +0.00084358599425743354
-0.00566953664427007065 +0.00441934631943460658
+0.00138936292733474447 -0.00497795968391638154
+0.00849177611469395868 +0.00337245966209945769
-0.00392123544296990069 +0.00753768200432213941
-0.00207433692068969243 -0.00149827227560989876
-0.00306942538004294522 +0.00105246590110249214
-0.00630241349676415215 -0.00087047035232314996
+0.00234566777193009977 -0.00030670076189735253
+0.00471991235282909986 -0.00825722323038209985
+0.00032186788434892833 -0.00075982437348802358
+0.00092031717252814360 -0.00691094659047019385
-0.00704497403659190558 +0.00037260374403389395
+0.00445985722157660365 -0.00566154925390598487
+0.00169304419964749287 +0.00384090017292196316
+0.00756530574541200602 -0.00296374044487485817
+0.00010853744972463028 -0.00490697250552010831
-0.00326434050193490262 -0.00229799975070527681
-0.00481626513122178877 -0.00110616077201816003
+0.00544665558462465414 -0.00718210877642440348
+0.01113691600924454107 -0.00156534610041466683
-0.00560016505276658867 +0.00182025053225694515
-0.00500110423686334939 +0.00499491571312520380
+0.00376042110016663574 +0.01063298058780093661
-0.00055119359132079491 -0.00205172964779627882
+0.00062174255572290899 -0.00180280118511506426
+0.00353827902624528944 -0.00541850874586563124
-0.00501622398896034438 +0.00272018326924486960
-0.00238375017840811035 -0.00042322575095921045
-0.00067915272764560103 -0.00038972200350720950
+0.00165623211411583798 +0.00006207443342829203
+0.00540444985576074566 -0.00458920881884440635
+0.00941619180223099601 -0.00429662931780576320
-0.00428191574194778171 +0.00118437383267186360
-0.00117238983129029704 -0.00798196392421990884
+0.00247809824870885449 +0.00244784802225161274
-0.00850098618293962383 -0.00131596420848607235
+0.00287590377327320281 -0.00196150565293117061
+0.01407055754549587159 +0.00168158601335510879
-0.00230077996476399718 -0.00405996242207462381
+0.00666768593243055943 +0.00200600379986657154
+0.00056736781221128092 -0.00676304821055151266
+0.00042349388273703109 -0.00230716854331513947
+0.00595743532274795214 +0.00323288026392611668
-0.00664603290090919757 -0.00124512077334689971
-0.00602104389678921256 -0.00150317407371185034
-0.00398284460723741067 -0.00181304905396675745
-0.00085140981652627240 -0.00347727551012499926
+0.00125720445669325726 -0.00734922644895232881
-0.00206617659767537824 -0.00875376519596707085
+0.00297299501347797999 -0.00504026873459987278
-0.00434066874344634247 -0.00130396350021826264
-0.00144259685985045818 -0.00293768834699407403
-0.01157052485742065054 -0.00313135341182191763
-0.01182305438098697065 -0.00473185952092782924
-0.00015264144789686653 +0.00390088484705192976
-0.00449860462922430093 +0.00929063917730585040
-0.00201113879515375012 +0.00256555731063347683
+0.00473336004345039415 +0.00169524103866174774
+0.00518108747250977785 -0.00082898528543644636
-0.00097796793767100394 -0.00549438767154777734
+0.00029039847561740351 +0.00698694147872680991
-0.00057206072719836109 +0.00483203787223098705
-0.00674326504055591802 +0.00239702854343169357
+0.00337719723336562432 -0.00674992704254666516
+0.00619207658853597118 -0.00501961850344511892
-0.00229985310192317750 +0.00183117808612076128
-0.01050545653822582658 -0.00552295497257875023
+0.00653707978539822161 -0.00309215377842072398
-0.00162623599317367022 -0.00102272591796946405
-0.00061580372465343909 +0.00383215552426536708
+0.00475836056400950023 -0.00187770988239862593
+0.00285295333780831916 -0.00274731233999144821
+0.00065604560969368406 -0.00001786961441433191
+0.00091934770926074968 -0.01027448860944072534
+0.00214609808045053462 -0.00613297074262376951
+0.01184387832052680167 -0.00100043017522710763
+0.00803539209933568782 +0.00050639012109562117
-0.00088630847254416020 -0.00041804136645724678
-0.00824719348731899927 -0.00145698547135154487
+0.00318060486790862655 +0.00766278781228532917
+0.00160404624050732676 +0.00265854335706271292
+0.00700598615092440456 +0.00519871993170251904
+0.00748011016603622719 +0.00597519481654181211
-0.00147614114537282385 +0.00285888885443153764
+0.00588824419603833221 +0.00675759991375450737
-0.00888027249799449962 -0.00766796759248175152
-0.00527536367832045269 -0.00278319762132687044
-0.00080686022743880472 +0.00419226282353027391
-0.00083333648112768289 +0.00491931160317876127
+0.00116621677915171003 +0.01155975220357985736
-0.00833473957841782999 -0.00467853331637776721
-0.00238073745068370299 +0.00335665164256854047
-0.00656757321966844332 -0.00034650638701030413
+0.00170674917061302178 +0.01077592329604617691
-0.00492925785371703395 +0.00441570319290011167
+0.00296565718059071557 +0.00276136446597978263
+0.00108060189215123141 +0.00052090817996043289
-0.00036005911658671736 -0.00096934728013148925
-0.00058623518784345591 +0.00084525276746627500
+0.00822890111797414461 +0.00374820131728943783
+0.00821795745810883008 -0.00106541416585605132
-0.00303487604066020062 +0.00103853577042781631
+0.00585179865040949283 +0.00449079467541222029
-0.00356915481168201126 -0.00418732981859756825
-0.00264291513404911298 +0.00128195115923995144
-0.00446596731684735342 -0.00370327222430238403
+0.00339323471535563428 +0.00458948272802916016
-0.00076855118508850021 -0.00105044078655809267
+0.00708862244810733091 -0.00538580110417247356
+0.00843955418845933336 -0.00095488080420802761
+0.00056478683790003956 +0.00383830157920068277
-0.00151334834762899533 -0.00334105639854274331
+0.00075845561160787275 -0.00107349793905959427
+0.00433976642229664741 -0.01036786088614734085
+0.00343762237990332840 -0.00305720891137334404
-0.00594309500837359242 +0.00036703156815171695
+0.00569763656904679477 +0.00952634116759192712
+0.00378696850866889643 -0.00344793943043773549
+0.00498704328611599031 -0.00781345424757743517
+0.00618712349781025666 -0.00058217287017312208
-0.00113419941373786928 +0.00122707149192442452
+0.00698577608124536197 +0.00205680962988381280
+0.00280828521433132200 +0.00136916520368746825
-0.00354984948120921255 +0.00481088677873606294
-0.00127018716553143870 -0.00877410560551073609
+0.01127715318066488913 -0.00607195682104630721
-0.00621007279051384413 +0.00852849986486926490
+0.01118452847239656198 +0.00148175108669798463
+0.00482867933805912128 +0.00713288172650737660
-0.00569630144623649304 +0.00334091962321148451
+0.00087854384777567764 +0.00361091218334567889
+0.00030446771158808977 +0.00293948464709080110
-0.00252426205686457922 -0.00084707434607710270
-0.00386840924325327707 +0.00480079446691553460
-0.01132144096069112073 -0.00935039822234052208
+0.00331992252272214714 +0.00184981891891670015
-0.00179102327366095445 +0.00117038986844176032
+0.00131841063304838986 +0.00178176390860199140
-0.00507324587673438961 -0.00372861117403424118
-0.00837751586134364429 +0.00059892604447364726
-0.00428886032816237165 -0.00148994352796132990
-0.00276081448901497207 -0.00698430238944095817
+0.00090570856452909868 +0.00795626235100283657
+0.00045148746441305097 +0.00176491261585131395
+0.00460693336775094223 -0.00591572113904793081
-0.00160479555530477981 -0.00686994608981166682
-0.00494685023129102976 +0.00974073073040129453
+0.00566559710626079061 +0.00760553025476353502
+0.00247629420389502888 -0.00364522888809425561
-0.00427446848843750313 +0.00052301328203105011
-0.00124222572218972774 +0.00445191508965841164
+0.00138247056442511321 -0.00669346463058761217
-0.00762137767566280037 -0.00165298356105156915
-0.00706085979244277986 +0.00336517113692953295
-0.00105475826263910864 -0.00571116386207845637
-0.00045647307873130380 -0.01021525623478064700
-0.00349535485450491344 +0.00662132966583208783
-0.00319429154018754415 -0.00491237696296302571
+0.00055208416456279199 -0.00303450861810099877
+0.00068901164586846874 +0.00018457814650506732
-0.00508942749596991238 -0.00225424332396994762
-0.00353996974468375088 +0.00305941482035168664
-0.00791023541535732649 -0.00094103927915727592
-0.00425786623538994789 -0.00145510490386394856
-0.00457068189661290723 +0.00591220001586143223
+0.00451561820679765441 +0.00530739795593830697
-0.00399749100600571214 -0.00408529609906955072
-0.00287268606139450293 -0.00426708301449069474
+0.00161784603318916630 -0.00345715496998591455
+0.00179430276283367059 -0.00501286208701928228
-0.00136815947170100235 -0.00770963996942448070
+0.00064763752205853177 +0.00609352194118074376
+0.00025125618300319511 +0.00646671711797483159
-0.00663366878260565791 +0.00568974808366499041
+0.00511830518742351429 +0.00154811360186067701
-0.00141834059348877519 +0.00499027286555494068
-0.00213148803673089650 +0.00410155308658811946
+0.00437329011524924954 +0.00068250698663088185
-0.00335601541708156672 -0.00329099086791954628
-0.00795070134984658672 -0.00410982440996965522
-0.00032898865023109694 -0.00717175942737863573
-0.00653184695403693713 -0.00342423913234869357
-0.00113363022210922733 +0.00904172250197527762
-0.00800412405010572300 -0.00321826012498898457
+0.00402070453371750069 -0.00037669192523413688
+0.00867586729661472961 +0.00673680791944469837
+0.00400432907654682882 +0.00350491994220565768
+0.00179439498420545405 -0.00088339797628766460
+0.00332554863308609895 +0.01033686644949525536
-0.00513081371181360775 -0.00313808308403099728
-0.00241850706931588666 -0.00082588951529356607
-0.00709417815136323231 +0.00385837870890401100
-0.00445471649367086900 +0.00280431731375461318
-0.00157396043143210847 -0.00658660765311431303
-0.00187040052531224415 +0.00201589888393682425
-0.00446778965143954272 +0.00409705955031461344
-0.00073116278222388554 +0.00390418933142894220
+0.00138370437624851859 +0.00160337550669960869
-0.00299601302620083974 +0.00149373311213633073
-0.00311743968497524672 +0.00063507645693662877
+0.00023716810192939792 +0.00510111198529545999
-0.00669138659083227602 -0.00280468453254618250
-0.00455633697602174023 -0.00613980990024163946
+0.00560637285065942147 +0.00764302092455540916
-0.00174958274513377582 -0.00370205209997072088
+0.00186546421364636389 -0.00330660127263558961
-0.00291621762090315097 +0.00392578122950052507
-0.00216501859208148096 -0.00308642030482301783
-0.00148451222181658583 +0.00442491375686476004
-0.00297383422419638787 +0.00630867175921666443
-0.00157723429355303198 +0.00282338322540832357
+0.00162901474592124732 +0.00383333803877322892
+0.00587599719072854059 -0.00163977887221356585
-0.00199987292208704710 +0.00054674729718461696
-0.00095316946517684715 -0.00393681364040362677
-0.00388408324375881650 +0.00619692858063546764
+0.00270010845055167160 +0.00116682356100393210
+0.00068169086889929126 -0.00104420830137911657
-0.00191451536387256846 -0.00543186587988748332
-0.00294971367311990538 +0.00027507713953166171
+0.00312289327205603163 +0.00004748242422548087
-0.00473584155568022944 -0.00251035219424520497
+0.00336219036731261276 +0.00752991432724725573
-0.00718977612850856592 -0.00207891198400993399
+0.00600911590674093384 +0.00281620248770558844
-0.00690138216601754277 -0.00303268194120362433
+0.00139295415544405743 -0.00221577305638966538
-0.00483398102941829614 +0.00035079616511481592
-0.00207504092691228933 -0.00228420312685120516
-0.00029247133982445209 +0.00140742196392786055
-0.00230269286063750772 -0.00598801296003569766
+0.00174821101884735982 -0.00483634106640462667
+0.00767253585193429771 -0.00832722151521135545
+0.00501174108369580300 +0.00287343682977993014
-0.00274662694622019882 -0.00149791715392517998
+0.00363975775657309798 +0.01445870761026570375
+0.00291238806872339516 +0.00084523830479886139
+0.00028368141306767277 +0.00787703645898607877
-0.00076692465083186127 +0.00347676017314822684
+0.00487026772361243403 +0.00975159569237076321
-0.00316840801268531997 -0.00028888732886958937
+0.00180098843086861846 +0.00127772059519631930
+0.01318722072479048581 +0.00066531018661983169
+0.00225752832579936662 -0.00600765333806359703
+0.00446294008242318317 -0.00013497638867481562
-0.00158072105327024324 -0.00078762266367779466
-0.00098238584898676100 -0.00045170464302618193
+0.00349429360320333005 +0.00591937655298663441
+0.00335099400820158214 -0.00285223963908138667
-0.00162582966875438484 -0.00258339390536743707
+0.00594168790854497121 +0.00665545866177868692
+0.00390308132115564730 +0.00307466200407464528
+0.00245061029888393993 -0.00501128624535635177
+0.00352558468553163581 -0.00355549223647395364
-0.00497526075109185843 -0.00231281524807419939
+0.00847934936631502406 +0.00200748994264010388
+0.00420672375995572584 +0.00472274517272062294
-0.00134040246547054739 -0.00156231980453356450
-0.00318662903842635743 -0.00490113907407076829
-0.00374984447913761891 +0.00391033660233151316
+0.00625395512932081475 +0.00256367064445944858
+0.00492352999307543379 +0.00369845258190134012
-0.00640205671424342801 -0.00308255364839723784
+0.00958006512795089166 +0.00016657586983890140
-0.01030274569758855840 -0.00215673254838258345
+0.00044583978052711989 -0.01095868579580433141
+0.00263287741836018638 +0.00012475768066761220
-0.00294515477140246248 +0.00447460439414304120
+0.00450926182001079069 -0.00028685039611002798
+0.00419876999927038235 +0.00284467178864502776
-0.00180921159217321565 -0.00100996022361242986
-0.00123455206074242398 -0.00215445722137301262
+0.00242735753569278939 +0.00850137305997157935
+0.01394471746540216009 -0.00729171233584012188
+0.00143169919865347803 +0.00515702066089655450
+0.00079269327859041649 -0.00064264992918778522
-0.00476917169788637976 -0.00174323140964062354
-0.00414661026406088363 -0.00066322280780284381
-0.00118625368744348751 -0.00103553886394149226
+0.01008924596645149191 +0.00090144749098428133
+0.00135470866608275800 -0.00232104873038733398
+0.00344439230323543687 +0.00189719256162170034
+0.00470541370979982946 +0.00611920874303773735
+0.00241618823811894047 -0.00116943158149897990
+0.00112250404812518773 +0.00298131988682069334
+0.00436846330281582314 +0.00240268832159296324
+0.00588971938982542440 +0.01042122866733919198
-0.00377432268067521464 +0.00871417848276328892
+0.00803375318256002030 +0.00130817326215748380
-0.00497890392931345845 +0.00274133517439736039
-0.00144789227539606955 +0.00375698809054865208
-0.00595462018740270521 +0.00124020081847102718
+0.00600578552916042688 -0.00131587763920464908
-0.00549626511750469365 -0.00170880297524559016
+0.00019258372762028051 +0.00211773561796881277
+0.00031128877797280191 +0.00432299394951458048
-0.00687746709668091150 -0.00154985850869138230
-0.00117875454372870329 +0.00164186213815366278
-0.00897370479691060249 +0.00360694413296326708
+0.00513356157921298142 +0.00262866534136391812
+0.00017817330340992111 +0.00460454579927611733
+0.00920588017678292472 -0.00344496682338983878
-0.00594833803293753384 +0.00611820815853675228
-0.00432477459365681726 -0.00946349173078605936
-0.00772991565384051425 -0.00206757540924670281
-0.00375154723271138883 +0.00216386824778959722
+0.00139921912545068776 +0.00171179226133605562
-0.00641583009055134591 +0.00824062680646209418
+0.00324217205966421691 +0.00317293182817096793
+0.00335638026308754172 +0.00011687397558209653
-0.00420860581907620164 +0.00161690767861239664
-0.00253835516918164607 +0.00054143895686297925
+0.00340553964363417023 -0.00214885990552900804
-0.00038306528403396348 +0.00013360477411549377
-0.00231849932983831325 +0.00437747382917863873
+0.00554187462375738127 -0.00756323457002146433
-0.00001760160410284491 -0.00195275849916672637
-0.01211805530662106271 -0.00501191500896051335
-0.00573923586647437541 -0.00435252040005669298
-0.00276422267467756489 -0.00971894366174875027
+0.00098167929474002346 +0.00252412029572922705
-0.00032862513504141060 +0.00448147430906304864
+0.00012133133518847333 +0.00025587229195282377
-0.00606645441967178581 +0.00040597017940501197
-0.00213905385095992592 +0.00508670297067584549
-0.00566373129130619615 -0.00584989005401508229
-0.00074552975564446842 -0.00923761117286593485
