-0.64045458596777482541 +0.98655851991023446601
+0.34087538327287547624 -0.02707334269432659646
-1.85954568497839911601 +0.44843132587016776291
+0.57926710275012993634 -0.10538295275112119498
+0.92255683297723778402 +0.15891627457970436410
+1.15162805490532416108 +0.57891459382991028448
-0.45044533532669284170 -0.19333137281973944432
-1.50827148062153182373 -0.55160258846163690016
+0.87410595170218963190 -0.41528420570086077568
+1.25643791412439376209 +0.87211295831063462280
+0.42752765743590659397 -0.14601969446872797853
-0.46109629274300378832 +1.32613479833149505716
-1.18903403615193004050 -0.70308463632611051253
+0.88748424866753627960 -0.48870615247328830222
+1.24682675159497735606 +1.03513579821310575113
-0.02714096069106952669 +0.22080660408866203959
+0.04193911932248939323 -0.90382862853224965605
+0.88206874198450790914 -0.98076470023121553599
+0.31100312592189438554 +0.69320951857227375292
+0.12479136221415010333 +1.84100409540947929088
+1.17166317413468434872 -0.31365467199430452361
-0.18366504896302676686 +0.38620764146340680334
-0.72193927042655714477 +0.35530785092809580306
+0.74830685743065905591 +0.08860142921534105986
-1.38231050684700473852 -0.37279719433986274746
-1.10823897078659450166 -0.51564076850524986906
+2.13428411692956787604 +0.57752476579325995321
+0.79329303436697551355 +0.69536638128061878383
-0.49731440914318469915 +1.31002870171822016765
+0.22246167611422495991 +1.29202200045033555043
-0.36356983646414359201 -1.06064109577328680167
+1.68482492331223943083 -1.09984103590972370768
-0.52966245802523048702 +0.62566551117820012884
+0.47047204753911975317 +1.45657962905170013101
-0.45661893265123953967 +1.07330422254014012928
-0.56814997374304132549 -1.10877646435261079105
+0.28317485552173127239 -0.26551175009468575006
-1.22999127606137959035 -0.21086520703528988108
-1.14481520604958153520 -0.14780529441636747201
-0.23527101124886717898 -1.44967704915538053712
+0.42181075356235075979 +1.35249850486415001960
+1.52077788554398440901 -1.03941222606731864531
+0.49346782660787869013 +0.00574726473295061879
-0.91262295491750355936 -0.63889953533543542008
-0.86555893324019872459 +0.17097475949974061393
+0.00181999519835751578 -0.56687607086825786418
+0.62763031948441216912 +1.00620750393927060884
+0.43753624478939534548 +0.31983545195442819598
+1.22998331432829632881 -0.58604124967756932030
-1.30443082584389302703 +0.37122871869018564395
-0.75171944946768332052 +1.25822986559268867879
-1.03010571132042172415 +0.04537442032245603274
+0.15966961204088647719 -0.03502391415299446753
-0.70837899027774287042 +0.02818646710481936823
+1.58620750526585418960 +0.25797314310981900309
+0.18560013531454921942 -0.39249731660531111954
+0.13199736656169544502 +1.55485465492209717908
+0.09136003065215952956 -0.05165254419791957818
+2.26327306515668968956 +0.54947564146018179621
+0.08764831482172785737 +1.15492690757548421843
+0.68244867044751100771 -1.88255832142617141045
-0.20246798222521486532 +0.66831247049514785896
-0.84153732384145607526 -0.49240632493739699971
+1.51439668394982684951 -1.13795440589096186201
-0.71306465307300226364 +0.86961977569699722146
-0.19607165245286806154 -0.48588299843326709926
-0.32219294384697927391 -0.43888691735177709496
-1.79115543290309653379 +0.13420532960514441889
-0.32466216285450411050 +1.87470445453223266696
-0.79561808799823063865 +0.44650986792034386141
-1.39239207681903431890 -1.04001179269657240134
-1.06148724872963384769 -1.44517248372697726388
-0.41680391377086811744 +0.27661876313880351397
+0.45337750192443060371 +0.16700288662952922358
-0.04878963409139491780 -0.34882882482343391395
-0.99247406920741543246 -0.44580881882659117998
+0.50118944223493588908 +0.80683692133936490976
-0.50429790940395768928 +1.46558362597016533790
+1.09028644358149517934 +0.85363914464013590511
-0.63399492758154862848 -1.29148339480843366012
+0.25581271448371212252 +1.10784037960561287939
-0.92878588546594287312 -0.46381731831618866480
+0.17330611632391396126 +0.26349894691510478140
+0.77230959619684325101 +1.05857266374123848429
+1.04977391884010318179 -0.98156269576362087381
-0.35672013204778724171 +1.19824798810162147511
+0.66620040950418835113 +0.19342869985176652792
+0.51371244748259603519 -0.28311564628341012728
+1.15744746524260921916 -0.40751198935708077276
+0.93464520470867840096 -0.89306263570329402768
+1.53471575569438778430 +1.29995700974885486367
-0.78168942916828698664 +0.26230361938563045987
-1.01951211615284198508 -0.60275467861489018251
-0.59671184989201131454 -1.02835481175893161954
-0.06253960224508664512 +0.89642253372627589414
+1.34439313670620297358 -0.02287556913713406637
-1.78024385196798196063 -1.30071884769174506147
+1.25346429309671836272 -0.27352467869538976686
+0.97666149172688099256 -0.83867232443699912814
+0.18960027889970776371 -1.08747963741363240509
+0.87395997210004017219 +0.35629160546372684593
+0.10621537125858826478 +0.87033166896431102266
+0.53222182509572557585 -0.66340828472010104910
+0.38603854624826072772 +0.15705857864688321790
+0.07491078903447534465 +1.20076378295643926286
-0.53338859856234721590 -0.37181322036211672533
+0.19698511871164803289 +0.10764400431302068029
+0.09602615602332464917 +1.23395617047746597450
-0.32520751578816531335 -0.79725066932775012774
+0.30859670262676375252 +0.78705799330698367200
+1.19897206110771925580 +0.87465746451661985361
+0.62212092044146638514 +0.75751491958546002259
+0.12598959503065421117 -0.24576591688590365692
-0.32859686690665296238 -0.94428547588218059161
-0.04408602132127353856 +0.51102945092570528640
-0.40069942069644737259 +1.07404208890573293900
+0.09197202010534885619 +0.02239821516464710754
+0.46926848569301249370 -1.48448663829533189507
-0.37346922594168502352 -0.49847481185950121008
-0.56902519295795861431 -0.38186128479393932622
+0.50240872053810337050 -1.74375363221066037589
+0.58585412103581524512 -0.03253931577589877500
-1.39560071546376995855 -1.27372870442204022545
+0.09862859635153836679 +1.11990008349536784849
-0.54492486303923437507 +0.43780705981603107446
+1.47993804551528196356 +0.01141502900662894060
-0.20666723789757990293 +0.18772623277001709852
+0.34920079217481758693 -1.01491476225928645150
-1.06937370281106414183 -0.84470798433075722222
-0.92515224816091623516 +1.59876111613467664085
+0.63868923317410897234 +1.76277767540406915536
+0.36190643774341668681 +0.37610186407999401936
-0.23251009841126379918 +0.55729430815784453124
-0.32705791052780708306 -0.65678169890375692752
+0.93618448054007163961 -0.20709202151492522859
+0.53168946941516659344 +0.43950602501738411654
-0.98084752380539597105 -0.86878830038842180805
+0.44905506185576893330 -0.47343641520762869135
-0.20297203871316948920 -0.69133217908798205720
-0.01382357940074352420 -0.67972094420029605111
-0.08056025323445847874 +1.62065018966776319687
-1.36754655676128877850 -0.09935216090849929849
-0.86764033131456863579 -1.04752760772166575443
-1.21884676364526933767 +1.25687474497326201472
+0.14712731076446905476 -0.34115096639218012164
-0.24537488560825548856 +0.36328990320770487843
+0.79752399092594472574 -0.45014605264736906598
-0.61085496485717016846 +1.03077058613057714886
+1.55957208637952793318 -0.49804385337603684913
-0.45357701138646955297 +0.64858186349209467902
+1.08367855234324794722 -0.13353382049421547162
-1.58408021749084282348 +0.29951824935181892151
-0.43956955788362500614 +0.07271559938593132044
+1.05091754341814946905 -0.32625701584435673475
-0.17833259664717776571 +0.76443016176641431780
+1.87286947616502330582 +0.50086064103141381132
-0.15230559171385968376 -0.16600741774888810864
+1.07960050847860733469 -0.75221984676869013686
-0.27163973880655228887 +0.83657784343907948266
+0.12039270715346976626 -0.36140088496902889048
+0.53392950239594805240 +0.24899041542794253523
-0.89508147961818718130 +0.06637937334503152265
-0.48922077716428824523 -0.67796643893825758731
+0.14223526780180217877 -0.34950058640896974893
+0.08662604965842035654 -0.95384483403976361160
+0.12302626808243588563 +0.42556058152842402009
+0.14269583775682259663 -0.26465842987258203500
-0.30890424804390459457 +0.90826217861609537252
+1.40748173927230468827 -1.53271373272877142746
+0.21107575045273074821 +1.64095838437945862331
-0.83276659046001788589 +0.55311759270803140254
-0.47489002021395521069 -1.45988528726907884625
-0.23237329461746925041 +0.69714774369366061535
+0.47939394539657342875 -0.28440692700612801858
-1.26842890497703697505 -1.64664718814016319826
+0.08720666657123032905 +0.33747181453386621008
-0.87138309954200954266 -0.98081985819498185286
-0.83660415310663793775 -0.80556357068324491166
-0.89537674466050454214 -0.97670083957595144053
+0.80548483302477580370 -2.10142458375712681828
+0.36225937931555418636 -1.42290679255809893178
-1.60113268144249043523 +1.10802394413335791867
+1.17474388271537200090 -1.50249961354572425520
+0.50508256679525254107 +1.37428034736643955860
+0.22984488294496441263 -0.20670339530118678195
+0.27608090537613061421 +0.10706631967799409844
+0.85364532217100530520 -1.54534834027424805569
+0.22703722691098379705 -0.09584907928780608821
-0.78921614979227283637 -0.22844119683301966628
-0.14682696722424887215 +1.07483885324815298112
-0.36680649637324946877 +0.05141319197673506480
+1.53697703766598925412 -0.24431179909076394807
-0.39027377901303839103 +0.45427617695744992865
+1.28240634965957966962 +0.70894127066782908209
+0.48773326571289676856 -0.92592335445457507603
-0.71630841525981869822 -0.31285019733123275998
+1.41581950682005297537 -1.10904546426684635918
+1.93722066116289837190 +0.09965481200079651103
-0.33296964399208173191 +0.33635468189649997406
+0.28495509390119089232 +0.78415930982837589447
-0.30870280839151087449 -1.66871430608801318840
-0.83545079348902695493 -0.65175753124389523840
-0.45226605748733383905 -0.54081915785445100475
-0.79854029750745847416 -0.26743436814234367027
+1.78113598100168935012 -0.28396571833014139230
-0.56497166846088031633 +0.85675429957043314211
-0.49897918715775557708 -0.79751721447277290622
+0.17303311882552097067 +0.26668533699810792470
+0.85691873849477961933 -0.44240138967223718858
-0.21148327590745663596 -0.02893239766298667803
-1.38678842439378491314 -0.11378735193352768063
+1.08660950670743150503 +0.70362941287024960424
+0.60947023208439776720 +0.35107044822620531166
-1.23223985024458149162 -0.88882505530056887810
+0.47043139323579497013 +0.60766072002845339384
-1.36822127822008088316 +1.02710365288596294775
+0.07542181860093544188 -0.48645154062341511292
-0.87855602959270939767 -0.06039501230591864944
-0.38701497920772459649 +1.33278702734643728078
-0.32928179004273749886 -0.76149905212742863281
-1.15984330228785892380 +0.94336989004429605554
-0.85890910088983507542 +0.22839581933524888413
-0.98437427240374320014 -1.19845741838010977354
-1.40204697662063337837 -1.55256055612389332055
-0.76174654816297038273 -0.33132063255625698872
+0.87227491801243073333 -0.27792388321714267541
+1.43951448313293384196 -0.29778223318257523999
-0.37859959814502985864 -0.40320904285804770595
+1.58103194059121632264 -1.26024130556927427271
+0.05770376519435371776 -1.14054484033751712957
+0.30133712710930748990 -0.95365743281660764197
+1.74460067322437772930 +1.52355193784846187910
+0.87423373724111441696 -0.00363369365225740815
+0.39043260834885407107 +0.26878659059915310792
+0.60612669724881329536 +1.81787985307602473206
+0.08471551462164006452 +0.00937008338384814898
+1.00426160320100787970 +0.01399601853045440158
-0.23159214208756107034 -0.04969011924903088406
-1.47914207847524226125 +0.67411392849671525340
-0.24838732934500540317 -0.85985719873474031338
+0.95977070528176544606 +1.21528910256122424371
-0.83973763956143843146 +1.07832610800396477835
+0.32300690503635437478 -0.36986575318150033409
+1.59843525264115648987 -0.50906066648260850371
+0.58364145879063178413 +0.27520492302264715212
+0.48028055580742129438 -1.19568516862306317705
+0.18367415842102535750 -1.65328328216640896287
+0.29134449233770615129 +0.04137605112966753762
+0.36829797739550562685 +0.84623455994777241340
-1.24919486128771839439 -0.06300346104685114468
-0.13436537701227568853 -0.31268867862617494291
+1.61409430135820741725 -0.22122557658433306127
+0.24462128953786732577 -0.84531796724190377823
+0.79639457174593664135 +0.89249712553679660942
-0.15595938522950048011 +0.47111405484422469447
-0.14453020000365512931 -0.35748634991507177716
+0.25162057922458980208 -0.20221527027433183754
+0.96455902196503773283 +1.11970759665132257865
+1.45065171806856940684 -0.33345209838758793630
+0.52899461519496870920 -0.12422661465021556104
-1.46662932055241590490 -0.79935661145716840892
-0.44559776417075247501 -0.20419148762624517168
+0.17696194116930619167 -0.38760789801445660885
+1.15730158306011965408 +1.27417734000872306943
-0.28680128561094742068 +1.51434260907057716139
+0.14918564388047172997 +0.86404951468435031714
+0.89124169514427498129 +1.24689020586879584229
+0.60068488284196108751 +1.07984359162172194324
-0.25044543569835719943 -0.16296299032987282551
-0.35992098424198215589 +1.06505404114020074680
-1.06532431304759733770 +0.63491102671936161528
+0.00840235878730255514 -0.13734402635259601588
-0.29406350439647455097 -0.23075885306009369380
+0.23973346236986864399 -0.52060935891029358480
-0.18686990708213432888 -0.70736161348744686084
-0.46822941566053755125 -1.64873028450527514543
-0.38795494011697517767 -0.50069642806377223643
-1.21706967617075667576 -0.09888501963810880646
-0.88108724621582412695 -1.15213538329793330206
-0.17072881664621858411 +0.63386150665674212412
+0.43177830312055098805 -0.38441347175033152572
-0.49812869718319935375 -0.82998336645673220779
-0.68352158874099810948 -0.17069799189000933737
+0.78163660081667163393 +0.66399993931294842842
+1.89585637892406211336 +0.49975589475016846119
-1.65568099948331459714 -0.14333612414870122720
-0.62125102876526216988 +0.80589898506958623781
-1.17541874118458000709 +0.69976869515342310368
-0.68454203544831626616 +0.98015506038434474512
-0.93248538209792264375 +1.04310883895305273050
-1.32345001358681346737 -1.48749295127661351756
-0.05922994557108962610 -0.39273030333089775645
-1.40064391192143644638 +0.07198461860996996364
+0.46190771174388300935 -0.65027666505739900593
+1.32742243067875631546 -0.00323499248308589671
+0.41099635528594169465 -0.04308442407137791363
-1.28497232347114009876 -0.01536894131758614890
-1.26815884020816338484 -0.37161011792716847069
+1.09877455685224245663 -0.83541984234423383171
+1.41835383093785338815 +1.15272442420936038765
-1.61390120221534361100 +0.18280547865100826854
+0.69766260165839155682 -0.27014607964387704619
+0.24866610260878352356 -0.78009854250364796258
+0.17840702181373857549 -0.56542339282127840328
+1.23791143277700266268 -0.57688813262598270803
+0.73706861109743004867 +0.22072082739120318928
+0.28602544960167314292 -0.28444238626250240021
-1.45301889136949391457 -0.03347999118059719059
-0.93241934881282717562 -1.61099573756067382391
-0.64978224814110752128 -1.30945814016285355663
+0.97843273728986401849 -0.30841607442501939307
+1.68524662547321613104 -1.15031719262464671161
-0.09189495362601884931 -0.17354415860450131404
-0.61536569810957397753 +0.79117687060007479971
+0.03235624853335478113 -0.87219723716834551830
+0.32027881496270999007 +0.41435694210577367347
+0.35503767820955489665 +0.12434220158996857342
+0.81076026490231334343 +0.04920597855671515752
-0.58102216659635130824 +0.72450414588724776355
-0.21395908268303345801 +1.39985572136944380617
-0.48806583301578321255 +0.77669016734259987977
+1.18189707903973495462 +0.01988314119998157992
+0.81723808691673771598 -0.59528467936658047144
-0.20195090370713564276 +0.82605081436372262971
+0.00795181087090512939 -0.42289458093874210398
-0.03235651405996109453 +0.17696538537253347911
+0.20135866395625212633 +1.09602221735817884074
-0.26305902037824191453 +0.34226862428225546253
+0.42223224477472909300 +1.22515523760786559926
-1.58601208097817880649 +0.69764740429738814065
-0.40766388061336233939 +0.21713263999826359907
+1.16560567544874116308 -1.83051851736992099440
-0.06651318311357767854 -1.17170340459810784495
+1.38351928171276461477 +0.45483348972875048410
-0.07911900711747610337 +0.70215322246838884901
+0.68911053002405320278 +0.05433982015849392333
-0.49161429731660177822 +0.30358857852628307050
-0.54191439000082686217 +1.12115186116613951839
-0.61346975043331331001 +1.34097729524790532096
+1.36479467414135680059 +0.34340308450946555041
+1.24162399789690258700 +0.49080893437033806803
+0.09517648350107385524 +0.13314087671173294170
-0.71521752751734735121 +0.32856050149518911674
-1.65986493317700123384 +0.79922044029831251777
-0.71513383191605872646 -1.06101520672309379556
-1.08479419178722946704 +0.53791790179677956285
+1.36104447273648720973 +0.22281962730533716455
+0.27474059922995569538 +0.35823808768824300097
+1.29315614186760141635 +1.12270247289823910108
+0.49512070900698590403 -1.28653520989284375631
-0.50525297415387293576 -1.46637427637697381755
+0.44778803390675092633 -1.26147351159950193988
+1.50283064548470846056 +0.28908503624514447772
-0.68187300682146179120 +1.60881978237725231651
-0.13996445802828638705 -0.71056293947883109041
-1.03016807141748523158 -1.92094099412362617763
+0.52251768206229742830 -0.07266789777723148269
+0.07416039202737789715 -0.52677287817921181201
-0.27614386692440473503 +1.74592501247209308524
-0.13105462239768450594 +1.22506817383602850668
+0.38596226896616991908 +0.21719819463534228987
+0.86794999803885142242 +1.10393282326861674747
-0.49481714417872613154 -0.50432975850591854616
-0.32236895427406242476 +0.80108184970001139469
-1.06671075159799078058 +1.01296324025268935642
-1.20077159530157984157 -0.20324033255252360597
+0.24761654001046573548 -0.84138523286386823763
+0.90318944774680431919 -1.87395001173768593894
-0.02513187938258520937 -1.19475032545529358252
+0.21466938535571941649 -0.02274420728645730125
-0.92675392484342733468 +1.64188178637608772625
+0.46561593980819754313 -0.23684592971160278729
-1.04553103875073860607 -1.64522039634077499315
-0.93532879589902240269 +0.18817569300436909341
-0.64183349982042037229 +1.18097477511698101260
-1.05474353522928865345 +1.47396562831538702198
-0.68165086126767604480 -1.47821810736413450371
+0.12992704885314793062 +0.69291436199852229905
-0.76883632075883889812 -1.01410020022048374955
+0.03503515072739993297 +1.56615096565380018667
-0.75271188618982221019 -0.37397405189993421226
-1.07718795524185995127 +0.30418133463838009645
-0.01517120219188513794 -0.08605098603650411515
+0.35936610592118833907 -0.00177718580014481209
-0.60287059057259617667 -0.47693685255580997584
+0.77487945545683212245 -0.59398292381617290303
+0.47299375109894992164 -1.82855519688023959723
-1.41906305133481791536 +0.77401589981345231273
-1.64954660685644416418 +0.54429778705255671412
-0.14123546233128192462 +0.15489265840000876473
+0.16233227585649845359 -0.60786553477043914206
-0.35530633637746134035 +0.42246177022329955975
+0.48226993891975489248 +0.18158113501771011578
+1.34231894089845749107 +1.26678975794657944220
-0.00194700570105910131 -1.14693927434101361484
-1.31140306886783908347 +0.32067623009604395712
+0.89226606099328575894 -0.36327730471737340601
-0.10026752409419925627 -0.10758693674887931380
+0.63120786821734453653 +0.42964809912249291024
+1.33061236977548014160 -0.92240076284477323654
-1.07318142726256904318 -1.50841315635540573759
-0.07699388366129855665 +0.80283424309011897080
+0.72130685506164071708 -0.18196180656191457414
+0.34361215875649719909 -0.14754344167497596141
+0.34476564108823770649 +0.43649663820635453693
+1.66345553097476139826 +0.17739240066338657353
+0.55297116652976008311 +1.35517058276265855987
-0.53134708557653154148 +0.14072771622269331093
-0.17262793416832547533 +0.97487814744723710891
-0.31127836206434456034 +0.34603375483497217369
+0.32921528000924737967 +1.34078335723621067110
-0.41573822390793235826 -0.01658762865293728073
-0.62636722764548213860 +0.99714453878190223435
+2.08005331550497274407 +0.18347269234861995901
+0.10006847684641684282 -0.61999057509855759474
+0.11437100487779339186 -0.42221246745031237868
+1.04869789967880921999 +1.64003400963012957448
-1.36746303831062054890 +0.80167704686355611976
+0.26648542465741154039 +0.56020436176203003420
+1.60337119349156620451 -0.05120581531544665665
-0.72439383820327019059 +0.78913596029881105665
-0.40679405725170836305 +0.68770071440701308063
+0.45247788672387478925 -0.30550322393144524469
-0.30717969734276651117 +0.29863287325754495072
+1.52935110216830616459 +0.67498696014642245444
-0.65901307214008886248 +0.49014825017229668447
-0.99302360160440117376 -1.04067801048156227672
+0.20616179239089893471 -0.78435584268696545429
-0.51282492222040820806 +0.69810200093523278042
-0.72064430823259728598 +0.64616193394195153843
-0.01543400551656670672 +0.79761728044443414021
-0.01886002099049055580 -0.31541121231228164135
+0.37166873268145717013 +0.25376860480298546463
+0.04733130660361547365 +0.13944416960794803195
+1.55681809869237985922 -0.14586289281479725144
-1.04397822179275578947 -0.93165290540627010429
+1.07093599004565898092 +0.38007883551759530372
-0.63967735413841020353 +0.68654535436381836089
+1.20968238123576332654 -0.62649552933455987525
+0.38428126533012330057 -0.97004286098740144517
+0.41594420840019702412 -0.11256374415922321131
-0.98581646467438588388 +1.19607932646629100404
+0.23400163788607125648 +0.71830470768899679079
-0.00663588552704708068 -1.43691049789964964134
+1.25818603589628441597 -0.13088289201312175436
-0.57024885948358949861 -1.08263658862285194751
-1.50601795319222664382 -1.46267301929139792449
-1.00028789707145993049 -0.82979288634014636283
+0.33441433371618245474 +0.54559064738434948083
+0.14955620830050664338 +1.51413063133541880845
-0.02976140252567516242 -1.21030702027883241279
+0.08542039933805112284 -1.08742634654487679846
-0.12844750956329908931 -1.03268762527318291866
-0.05455099603998259106 -0.29216053644031414471
-0.02850216761777257801 +0.07205885353095697887
+0.51418843024260363350 -0.11197165312239842905
-0.96192214739261960865 +0.25599077001839831702
-0.06808972573839056075 +0.01823627665000038256
-0.14420632246478515270 +0.25163258283336764620
+1.01969980953093997122 -0.05114789645475870117
-1.35651220800619420892 +0.85968546196477224619
+0.39110671890964754382 -0.10388630588077307770
-0.27501259810868017297 -1.12005961408031695647
+0.46009296966045565291 -0.08279128560191306718
+0.99191995070905525367 +1.18350633061037191496
-1.17306498147178817071 +0.61791827275260535757
-0.97525827137984422155 +0.43690959964190262399
-0.10724957369490462078 +1.02282390636958453456
+0.58566255248705756387 +0.05907701372128432160
+1.36606390031107638450 -0.24082608939282945659
+0.89160481648517719844 -0.61080350838963548554
+0.81582241767976715341 +1.30923081083159620341
+0.35965468036629449911 -0.27809636212322086379
-0.59518529432258882039 -0.00313837426920050844
+0.63091982948493585681 -1.45052930745633945619
+0.01477050613360864073 +0.57146803238034649119
+0.73486604362288021619 -0.09992586661371066770
+1.89704757074707419662 -0.38189496753454743594
-0.32250123232060423639 +0.29473989767379482618
+0.34634896078610538650 +1.74610708634603239986
+0.76659569316125186766 -0.84964902930941055281
-0.76263531594177647044 -0.79506869322703122016
-0.01256591398637740831 -0.04098105881026059549
-0.18593397608773609697 +0.06894070057535151008
-0.23326681132389426310 -0.50775653672122023075
+0.67846157424550779247 +1.77193126127275468740
+1.04839490137588375873 -0.84187382630799789673
-0.70203697913477025594 -0.05909795886400237563
-0.16581782313021653508 +0.68504516123092895619
+1.41268530714581030949 -1.61145739881274741023
-1.13185290426889406667 -0.81632950134912363183
-0.55423082823576419464 -0.94602927398990277474
+1.16311242432867212315 -0.06821018309831305970
+0.51700036197706622509 +0.28046126844717300663
-1.10823350568151024476 -1.54286744076676818338
-1.02149777422377896485 +0.30567286107752944524
-0.04841712229261063705 -0.77712042930993185941
-0.39473438787888637247 -0.67501957556779845770
+2.02031326542104805455 +0.33396100152030572250
-2.10645977918633331427 -0.84893747514523465458
+0.97407176598719835692 -1.25797280808438749489
-0.77835638273088147976 +0.94245480239491130625
-0.55734144078377256815 -1.24975645519906297665
-1.86594340819051152103 +0.73198291251085045861
+0.49210717927238761815 +0.60774807830130339603
-0.04833333870386309628 +0.44080263975019834399
+0.83413474508757168291 +0.13915776255566775221
+0.66961305735681397877 +0.16029136948890415626
-1.11920787764754559035 +0.77249307693544089215
-0.45129337398321284214 +1.23606726650925535793
-0.40861763921255450649 -0.32728707750443586377
+0.33548104412369478267 -1.36268626312893936792
+0.62875652667930448381 -0.61835531736777316070
+0.73201285567761420481 +1.20304299504728318126
+0.66703388339730551593 -1.20878269554349238035
+0.19959561299148864677 +0.52226065133793642126
+0.29480511601704284530 +0.54725514799481822514
-0.06672936594989375969 +0.18771523322143801593
+0.90457695859555986573 +1.46985292266919542747
-0.37208351433381547935 -0.69782899674427922854
+0.34664306191434079985 +0.64083060414774828395
+0.87643451316686604713 -0.15354537937873780074
-0.52208950921305374848 -0.89703378964195934486
-0.63176627365533066794 -0.94083369768171731806
+0.36787087460744039014 -0.44799516390094784590
-0.66484317917492852246 -0.98845339347637195537
-0.30471091040506559366 +0.27341267932372059768
-0.70041343138000100588 -1.27390237661355243404
+0.84773366504249092479 +0.36230155229449545473
-1.20506606823581852161 +0.27572059782299418451
-0.25615269250818029079 +0.76076385823391912133
-1.82031288348274289390 +0.11005258084577107525
+1.28225539790450504540 +0.03164631521786476220
+0.98093211057828244570 +1.23479904448378441373
-0.08778914498438863956 -0.59514649617314119290
+1.02478617454673193166 -1.41803705966998072618
-1.13977232064415279211 +1.62171120961957515583
-1.33816126306718174988 +0.39596023739342228742
-0.17826368610349629940 -1.25336356483682798135
-0.64524010468426229448 -0.74790005513769386436
+0.86075080848156892976 +0.37875498163851883948
-0.30382097798466400906 +0.47018153350666014312
-0.96325354746222635605 +0.33109922073652442442
+0.24839722057183674653 +0.36866879151108078450
+0.88438429559836584382 -0.62735315686728854168
+1.76016316068012623752 -1.00766464815079070938
-1.21456797326716814389 +0.43390899724716769370
+0.21485891627782205404 -0.66402386198174023768
+1.11361048243515714518 -0.31821880983301520374
+0.42523071139467405466 -0.21837087760647411194
-1.37693666551845583790 +0.27546746808404942719
+0.70540201934681490137 -0.05556689106449308468
-0.65025799660977057215 +0.47574118319106140085
+0.61296164150721432762 -0.11154379001357717094
+1.39745787648294306216 -0.64206792030019466111
+0.84656779958233907557 +0.74954040616117700857
-0.25699783117133123689 -0.78477554387994818974
+0.42583394744312896840 +1.15524585169061322354
-0.15379743687812585939 -0.43783307684512684510
-0.30754979193894182998 +1.08698799217568264908
+0.50754683147734769300 +1.36474950117967730456
+0.39677041756964492869 +0.87026805203949242351
+0.30868858016713568437 +0.26978390478051872403
-1.26842214097518768412 -0.57368299439803316364
+0.27576547651219140977 -0.26788077274055543953
-0.96843517868414408234 -0.70927722425596928524
-0.12835968570902889230 +0.45070189305915997480
-1.06120623794229107517 -1.51421184187469570759
+0.27513173313492916838 -0.70139200353188602133
-0.22339975194811576009 -0.93191080882698895671
+0.38466351963156442118 +0.33047242905180962413
-0.18804449266671502405 -0.51806825664028754996
+0.38209881493013886367 +1.83743354859196017514
-1.05610557659444892487 -0.75118889579200298634
-0.85670914173423262650 +0.11259023767187081866
+0.94575936324315978965 -0.16833189894247727048
+0.94155642943481709928 +0.04398957985085538702
+0.65460395471691934510 -0.48624396320270357741
-1.57620916000574373683 -0.94054511849487587583
-0.65613120892877185852 -0.52963620431150681966
-0.24276505197348341447 -0.11315906408327758292
-1.76258252712109264593 -0.23408454805568656987
-0.62247222431173265811 -0.03378421672273357323
+0.62151528528977872945 +0.54006766763973357293
+0.29455595247576571438 +0.05051209019458369198
+0.21019831477188954949 +1.13014423390508933487
+1.21450498904545645118 -0.75326352692389964005
-1.41360007370867357679 +0.92499821260406434043
+0.00733102021213705157 -0.48266849184608306977
+0.93297576783216285001 -0.10509389555054582388
+0.41698547081282111293 -0.45022990561114228925
+1.66736371544729133909 -0.43667933046972429167
+0.78258587753630393102 +0.60664061101310973179
+0.00490429722349955410 -0.49570649566051594448
+0.22052130693379395909 +0.03336018007516153294
-1.19956090352938526955 -0.70192181859136371092
+2.28903691488240212948 -0.09952847282969168319
-0.99068247889338734158 -0.39939088151164592322
-0.70162526437346095509 -0.76354805062072195199
+1.46234712184168524907 -0.75703198730546206185
+0.53850877131858820857 -0.85823048186185524333
+0.19590458080073430702 -1.15026101295113836187
+0.43284718484768536229 -0.09774313866927268613
-0.22576427516902405901 +0.01259971573428501912
+0.54943758182750723762 +0.00773612887820440687
+0.19549289133226943616 -1.80225402366830267376
+0.22481832607444590666 -0.35732766203204124889
-0.02008350173309539355 +0.81525530721057770656
+0.54686625254092713355 -1.00701171736955563674
+1.78189082139879761968 -0.68943530794898610914
+1.10092192683135814413 +0.77660651430228888614
+0.17408788780035777677 +0.45233297397990290811
-1.69854683103171955061 -0.20784097931489564637
+0.22397378705048343051 +1.13453938780903418326
-0.39168836085674008096 -0.51740663204044379242
+0.34063835017276145045 -0.92453908090318370760
+1.69673733928051229114 -1.67965443165131600445
+1.05718776826313409778 +1.20841505168803364789
-0.78528569305377970977 -1.67855305840269508622
-0.41947214139859578808 +0.40714232752106815916
-1.63662199579896028290 -1.10546428307388167056
-1.32744775564419548175 -0.26022044910767627712
+0.88548854985361780123 -0.91850412660568792056
+0.72808392478454875274 -0.29992091035068502158
-1.26513574138513340550 +0.95463173505105780592
+0.40471210544436203582 +1.06402810491800003945
-0.01441796432022385277 +0.21422630714131898899
+1.30883606959437392980 -1.08458910292151822219
+0.78560785302608937553 +1.11155658522048095271
-0.65986532974310807553 +0.00207408558788657604
+0.15886218802735499467 -0.81853559839891121275
+0.94455951820895789339 -1.16628492698438268604
-0.25881082345412825818 +0.00905801188431116025
-0.62975376017225526137 -0.67104298036953458073
+0.04165755866675310837 +0.69642898998629543250
-0.78996619806015244691 -0.39595048729915949259
+0.35375815905394125682 -0.59748466521532006546
+0.04536840033639871761 +0.30260561351926701379
+0.26595627461152071547 -0.20955683143985825989
+0.99335370795479382977 -0.73083909598554619436
+1.33590995800844281050 -0.12956974892141626121
+0.49901397942068159708 +0.61596078876311755046
-0.11733722492486720057 -1.31534613374094133675
-1.37868429266766434615 -1.57381741165746658062
-0.63416637883027315858 -1.06389381739923738479
+0.25300328732047150382 +1.15866852008268450547
-0.44386722107806275694 +0.74634241659047173556
+0.08342139320779318190 +0.39387810880751117359
+0.46925848366788769361 -0.21857066647811218552
+0.03884443116189362222 +0.60247238323726426401
+0.32223996938073384833 -0.37288980426281792546
-0.39283053815633528494 -0.32383214920953418137
-0.85357490096918797740 -0.14574880161883996266
+0.87550466896303413833 -1.27888361269070127690
+1.02539464436250904456 -0.15228906435206179815
-0.52512501604656725007 +0.63344403644908453543
+0.58047341590145817847 -0.98262219782544346636
-0.70954290918759610474 +0.62967347769378900768
+1.40084856591827477956 -0.90007375094637687152
-0.15156713418083744838 -0.40483924530816522980
-0.89896459057306921103 +0.79452407149906867367
+0.43942000694777738623 -0.46301631871924875394
-0.24045857677564225208 -0.41072939866337931925
+1.20983075404712248080 -0.97224003583850537868
-0.38203612308657125540 +0.90402494656161980213
+1.08457431173930252122 -0.86259252784329909503
-0.08620276532161630367 +1.48679475820761464178
+1.61430522609010540513 -0.42171161289488273693
-0.98735628690086651993 -0.43349106003912352136
-1.06959592679076020971 -0.01718871807875843594
+0.47015385500148398901 -0.04164570622454985549
-0.76441177412437055771 -1.40938885560118509765
-0.09842653364677977912 +0.69338848473692493712
-0.28413754998489548775 -0.23526563798704924757
+0.35260810418045385184 -0.07815141346489262730
+0.12762522353298155764 +1.49869588095748929035
+0.30467946830971270877 -0.48561908395424335794
+0.65618805236142363491 +1.49972346570925418874
+0.60670624053222188543 -0.71293738455514699126
+0.00780118852759326131 -0.17512527320506943163
+0.80967359827049589782 -0.04214289267744852907
-0.30764921805630818241 +0.52007429101756641465
+0.96596924024584551738 -0.47145977120574533714
-0.44340519761649033192 -0.73992882640702228869
+0.10376836775703490723 -0.05038245286330256256
+0.91801215236677191633 +1.30236536714579087537
-0.66195241465335064035 +0.61532395679863527427
+1.37951966310322160503 +0.41655117694894494562
+0.07015838069896429552 +1.30184484157045066155
-0.02327717389433497930 +1.45798407383032313511
-0.58436729384128915932 +1.21013413601389729912
+0.88467868787470305136 -0.25726409796551608089
-1.72685893404755175240 +0.27365854603779082854
-0.08843347901758619178 -0.30677640141964868103
+0.26967178920371853712 +1.02852701337779572910
+0.91239542336656620503 +0.52566176822468935192
-0.59806325272182103703 -0.02820738542148878980
+0.50339254881617689907 -1.37131134766392803748
-0.67651949803995048427 +1.27928718127483076472
+0.86139444682455590385 +1.15858856693361711443
-0.79720150093344843700 +0.41535551020962380164
-0.87863585229735563509 -0.28312616531415984999
+1.24004740687526826548 -0.90144783382056803411
-0.48762641561747244179 +1.02015458977784567729
+0.18522275165328805357 +0.74332059107565728873
-1.26293715723702204556 -1.23039096095471878201
+0.73046214595999270358 -0.67019592494877522348
-0.41021366987867491360 -0.20902741882165654097
+0.66882197781868879538 -1.24172911718803269387
+1.37885846843439052734 -1.26856592955515834475
+0.03487976392417557747 +0.15738699942775857821
+0.12250210174834386123 -1.61461395756836534332
+0.13560987547436820222 +0.39692431596424926354
+0.21951200764589451353 -0.52300865039224686548
-1.62742481128521521150 -0.72659988273008746518
-0.16326287767394398465 +1.54168315513494746938
-0.14962696495126870389 +0.17275689689150408590
+0.24813127272343504792 +0.21455918287941089240
+1.02448349153466167216 +1.02761522493931289901
+1.14020564888379349888 +1.37056910944201448821
-0.91393359890127134904 +0.94880514235602020356
+0.08594478263800166273 -0.34651769561813222653
-1.02254998552937492740 -0.45536459265117745776
-1.00707571436264275988 +0.55403242043048606114
-1.15016337897767129128 +0.18579637505530105512
-0.30708686427935638630 -0.69614059108444070745
-1.95970419050891520030 +0.57939589484327758129
-0.17251686244359035194 -0.02838275004644227190
-1.25276743839394510971 +1.37274845434383596654
-0.43662632263979789249 +0.49449423215072341176
-0.17469569959790667846 +0.30216778936037425041
+0.91090947251968790166 +1.36077918358565952417
+1.22864343592659785998 +0.21653832314327059461
+0.91509409293800370033 +0.98507435442361335198
-0.69248047700265891180 +0.34397576934022711104
+0.68144558938531063497 -0.11644832571746768779
+0.48814448560516354725 -0.05959925884421068965
-0.57092713827765928514 +1.42860527074734711128
-0.79896708739224320261 -0.21041553349608621559
+0.53918673774656467046 -0.74576159123231300363
+1.02620943670771169742 +0.25808876162397620391
-0.25059445289098336573 +1.56446336759924164994
+0.03018821866028731371 -0.23595307507647178547
-0.71130688153147758612 +0.66398891846134300287
+1.33030740854308682231 +0.10267127073094983736
-0.20919405425161863299 -0.22935853522157234607
-0.44733795993527447621 +0.82678642540057656340
-0.13245869922852948619 +0.65036600528296650836
+1.06013436725290111085 -0.01737134391312689097
-1.20596173557671293430 -1.40565041362841980366
+0.80228144190293892990 -0.12474765971078527471
+0.15154529108872516474 -0.21356447348256879515
+0.36780256799974453408 -0.52773225136244827915
+1.15689936799525749933 +0.10058496660913721077
-0.83268657183742389449 -0.57553762026396571017
-0.72692659627527045352 +0.29566037837938546895
-0.83148485974231634010 -0.35938287049051986788
+0.71706897360417676257 -1.27953770791443965926
+1.66006975754361763009 +0.51460526741278822538
+0.36999565450465615735 +0.61590531342566512407
-1.45677232916291399256 +0.42442543855955983112
+1.65107799106187380644 -0.04922011410400473075
-0.34632272542906639146 -0.61984994919488023424
-0.59546532708794130961 +1.29949739764545402210
+1.13454029679835111111 -0.00733216254788160438
+0.19898730389840466048 -0.30490392458875087422
-0.63382292224889869026 +0.49712442872201223487
-1.35813662030444493034 -0.96127369824864961068
+0.11952431932176321716 +1.42180880517895635862
+0.79025478394294301765 +1.79142784998165205401
+0.28272364424216900325 +1.05289303565227587711
+0.33336653862707632534 -0.38008612215339798723
-0.18336487697049408396 -1.37078996608118242051
+0.25118598180614237769 +0.38143554066930440705
-0.66673888035812622910 -0.11626163806139144796
+0.40420482511310473761 +0.31426890906610283061
-0.55753399346773568901 +0.81380636231961345217
-0.96927458165809765589 -0.52094562569840108246
+0.76234753027997426145 -1.22144655328542950379
+0.05387898107705146877 +0.43944894423112179638
+0.32081416900779147205 -0.47824780943969269487
-0.41712070885127316977 -0.08539043079044628115
+0.52558009616208822834 -0.31618963869458061033
-0.43259433411166692274 +0.17197013031749786016
-0.31827560928901443837 +0.43397914686629812664
+0.09983599866152861879 +0.10258676591308069082
+0.32556436597176935388 +0.42729444776889213831
+0.14088914397035870452 +0.68699890477866620841
-0.75959082247068632210 +1.26608302246197812480
+0.86127108337093427615 +1.48809105759358151211
+1.73835381672102928796 +0.54939943863755913434
-1.05554207763339591430 +0.96391182664249197565
+0.86700518928079250980 -0.74761275416933459237
-0.64698618821551545643 -0.66491531627890709810
-0.61207075626617535313 +0.53070549173687120437
-1.17798825034250920218 +0.89342449938855317271
-0.16517900258644058198 +1.81222896816356282557
+1.35683534767886149197 +0.56340261834105831440
+0.93715080780357551404 +1.12358528947211966376
+0.12273977907419555966 +0.15882944314222713356
+0.12137539488522186559 -0.91991976491305194052
+0.87320420671341891783 +0.85464950485390223101
-0.23773627555104615006 -0.99235056013071787362
+0.45193799053169514401 -0.61738741534795993360
+1.02169503272945250139 -0.22822908833144661678
+0.01614113787722626370 -0.77355759383218880565
+0.47342345399081309232 +0.79420282191680824369
+0.70228579265691926103 +0.02846460389933946900
-0.92141537036174403497 +0.19538489033876405010
+0.53241563732297625400 -0.96889393773845111646
+0.38232780332813298685 -0.22756085096125033829
-1.39786988845508819423 +1.22885902839649285845
+0.58686719054085845215 -0.32518177333114550720
-1.19749560608962046793 -1.14407974695596781345
+0.93609276963188747800 -0.29127922634053948769
-0.48818395184933782716 -1.77676547191524902836
-1.35625407292955602045 -0.14300145257700536128
+0.47927919760895210111 -1.24908408625359146349
+0.99997947632334571733 +0.14362585448220704931
-1.00169533203916527597 -0.09875321304469675265
+1.80170945728371956207 +0.60105106417877385283
-0.41770837259097026717 +1.67537890820347112886
-1.23947897181816912848 +0.82823305998667551275
-0.89535917944186838024 +1.03591972423389599989
+1.75156033646682374183 -0.11134392725463192197
-0.49991822248669143258 -0.16236355387704001774
-0.29532987861371157168 +1.45422984343941896768
+0.65615564338122001065 +0.14829061162194379087
+0.91510048095541118851 +0.52444643855535211241
+0.88311075279718020958 -0.42545478483529186597
-1.54206399879422284549 +1.03493610833785787406
-0.35205141736260270324 -0.01357438347878229395
+0.09516583091910413295 -0.73171746853424313173
+0.24128644019229295026 +0.09337976531955849424
+0.54910698525892853716 +0.17633600960886330888
-1.42567999498144648562 -0.04756422366782686595
+0.21838065129698591704 +0.04112309339608533065
+0.78502771502492718625 -0.69040935149600879406
-0.19654900913579931299 +0.92298435574058035336
+1.27805531896850554929 -0.75510256030329969690
-1.24895295776267745147 -1.10209576710706436131
+0.97635976507914712386 +0.30003263473528529737
+0.43277485852380159770 +1.03656681284545237887
-0.48253808644898898983 -0.55335497734293292993
+1.43887564737125495107 +0.70991961380999035747
-1.05960540800791092053 +0.57314804542893993400
-0.17783114058208515651 -0.52896461975172393011
+0.13003371867050161903 +0.21927174861008169593
-1.26418422251356887820 -0.39771176375367156552
-0.41280772972001172905 -0.07538438606004803366
+0.33231809534538903073 -0.70462607844246694100
+0.52640963423296982526 +0.13219779360007699598
-1.16085951088665662034 +1.16047711062377811864
-0.56601054166428110825 +0.41083612076420450432
+0.33618018054701659381 +1.35808802001253270397
-0.71577119927089738471 +0.51571420734899420246
+0.51637677065601428339 +0.31269337689265108704
-1.33192387417944413386 +0.60495487287396265685
-0.62064428931551318680 -0.29438714643633234758
-0.97138811288618964745 +1.07652783943032925862
+0.50512422230285114466 -0.40592588027565740250
-0.07091590272923836702 +0.84889379324830649409
+1.04128705559107870293 +1.53597182075437022064
-0.28125868228023548356 +1.47795240182261622408
-0.78973985166994564722 -0.12088848693955656088
+1.00051987022401567273 +0.07346559049625667193
-1.02624948142926419870 -0.55067445412279525385
-0.07898424376903157018 -0.59529594840816013601
-0.99943296221749311492 -0.98865601261917768205
-0.03132635334012934258 -0.03917186741552591833
-0.45998240283061564426 -0.21599173550473405037
-0.62314945264082322041 -1.27823187995244791360
-0.53229636947553360393 -0.01352256919963856774
+0.35595926873651206890 +0.52731576881537489676
-0.14582488491393030827 -0.45948373026194988533
+1.49668383646164926404 -1.51587842835373298733
-1.23576495867847069299 -0.72307760543392451957
+1.47145153258444816302 +1.17970118369357490629
+0.98983688191477270379 +1.19679586353267808363
+1.42955970356169159707 -0.84512149874321251808
-0.63238327530848748026 +1.72159126994319811033
-0.44129539618524998845 -1.02393181770153907095
+0.99156744193813528554 +0.40884564115209243162
+1.47631107232198011125 -0.67043300420683560326
+0.53340382912838935070 -0.22557040475277623237
-1.25913565904428192965 +0.68587768441242058515
-0.54119679430407963139 -1.12085291099074324528
-0.21361778616401699837 -1.10534256892580362575
+1.25826093010624728841 +1.07762259317869513175
-0.26945664379985861947 -1.58704230167279947139
+0.87117567269953211095 +0.56061852250947152854
+0.03284420795250914127 +0.34876853696358101065
-0.77259436378320356376 +0.40922964876918854760
-0.34301976220625673974 +0.36135514968573012595
+0.05831246686455626715 +0.61709819852602598722
-0.45779807989674747848 +0.32718597901923690552
-1.09768191259572978069 +1.36646922359866684893
-1.38899949186117144251 +0.32849225233192602680
+0.06607663031198485193 -0.61274943262381365017
+1.09992421114720717590 +0.41527540888672920261
-0.37117404630807926402 -0.55681700635974129554
-0.84942115240028059908 -0.18391617344823174562
+1.97980726606898627118 -0.03306356947185240536
+0.01781950418260924707 +0.17910988939353278404
+1.14269227697885500383 +0.33691934116695643198
-0.34438689419024548499 -0.76441971036992462096
+0.59136046500778460810 -0.15246812853644331476
-0.07841263415874211162 +1.27998071843732952324
-0.07105055975128249379 +0.78160530756829582621
+1.42065445847193494444 +0.59942907608464079949
-0.63898096519996050446 -0.52145951968780823726
-1.06509238522915206104 -1.01117356035651306811
+0.84316878073972789664 +0.33876152494346389865
+0.31177161587187185443 -0.48409724075434357182
+0.15303197537733903566 -0.33374381376873912819
-0.30602205895157297277 -0.15426798217918075151
-1.04553645496285629868 +0.28266905427617183832
-1.23338016948342166224 -0.50862183449639220001
-1.47349631461528174370 -0.62210404686976972233
-0.93523127311385167992 -1.72940034248069074430
+1.18590896997835715254 -0.32359277787658435876
+0.70096254367638810567 -0.43501224465950549813
+0.29178958381565800462 -1.07038961542018506989
-0.22765262265721622481 +0.07581459788486419327
+1.21958073080341744543 +1.00184278293521566994
-0.23326385102221786072 -0.31208270402035054314
+1.18851345052152401749 +0.14154424487723649140
+0.49060794514025718449 +1.08310348874683759490
+0.46044823727134698288 +0.52963130085899101651
+0.21356196573318331211 -1.40054658546557520005
+0.98485392477065314409 -1.35083985458932054335
-0.85621248029697838433 -0.76427068167087353068
-0.43215235345811575662 +0.11291613992233173747
-1.67528901008102026893 -0.51222927630495163065
-0.16227850409303212764 +0.03629449023392128382
+1.03741276879732091665 +0.72176946438698585951
-0.96920417899816424523 +0.85912236087727844591
+1.39759810659703020974 -0.99809017095733865155
+0.62738680938166124790 +0.63015730759064769728
-0.18230224749384804639 -0.76791873229836382642
+1.36169419092453614084 -0.37104301108500226114
+0.22717966291896640740 +0.03919698085208711547
+0.10232797489168143912 -0.60285440878060714276
-0.45798819806482282679 -0.02558617784958738817
-0.82179928048667738594 +0.04950414692005922213
-1.01909557186006449747 -0.22377270935875712143
+0.50199182791524965541 -0.06030232497027679384
+0.69883116798272637560 +0.27226209445213278570
+2.20370072690273444138 +0.26222593952009465301
-0.35451827208251412982 -0.53445661821723022822
+1.17230007281941417396 -0.49590776835107597265
-0.35835109330704328912 -0.30392373750550433220
-0.33080186683803564085 +0.56940500867972698718
+0.20690358247227841337 -0.44686367537090104785
-0.04392279824355971307 +1.43264465996595236064
+0.06009111019001900367 +1.37863540182320942762
+0.34470086750166034628 +0.30096815734622606175
-0.10676089256696730256 -1.16655250998840620547
+1.20623714178500685001 -0.73184274491817702391
-1.56637016294535924565 +0.01688544092489840942
+0.43375430097050626799 -0.61519976217822081033
-0.15533776980261104761 +0.32543420737722716929
-0.15663761775684492683 +0.02132052812266271857
+1.31635531517225845555 -0.34142256184669927954
+0.03907927804640043412 -1.13284430093149635077
-0.55328942674152115089 +1.41928860084800345653
-0.03762496519533975459 -0.11298336763352345713
-0.51965092121471401221 +0.76544833391452882232
+0.25475763031781584189 -1.22250278735853479262
+1.43190595116062513448 -0.80542748465176350336
+0.94487528413251031800 -0.08250654638074306213
-0.49905612424910139602 +0.12595199507500787206
+0.69320641347096678686 -1.00034031947395196660
-0.12504592447081352979 +0.67295967869392159244
+0.72479832960837953237 +0.61476278929562488962
-0.55972282664375239136 -0.04234281666711847691
+0.86527509164319837964 -1.02745876067474362081
+0.58967900621464064415 +1.36478213970664596921
-1.05113516742522095093 -1.33115466040686403204
+0.73182539017938941228 +0.51170560503037287869
+0.21216223715631224445 +0.47750841316492353972
+0.49060760815515713773 -0.20851266265178386439
-1.20153996088311743051 -1.79120224242096126588
-0.83265193951803240235 +0.27352847457338042014
+0.30682480528190059221 +0.57561697774578646225
-0.82004368693964946324 +0.14879243431794877961
+1.51401372269942058324 -0.16003853664100153864
+1.39508343103020227005 -0.90085155345402956328
-1.49786949028178750787 -0.29066375874724792450
-1.03138930251679905581 -1.14504881178701944933
-0.53163127783200658794 -0.23148191052182862104
+1.06255021041199260168 -0.11432426901222442206
+0.34967575926309879542 +0.71355372058263211166
+0.30292086097266057720 -0.90754602130612904709
-1.01502068588648675096 +1.45883233282811608511
-0.10210577698100475885 +0.08252221543009685689
+0.18574242640280980154 -1.08642678595025077293
-0.02365082018640629613 +0.14015222795835868830
+0.17668380636573388642 -1.05867955597425655867
-0.42494881276467610931 +0.06600046680965410140
+0.82611128355996732431 -0.46921041633711357832
+0.49624739389370819964 +0.42784628673347269157
-1.13573609433159439241 +1.52116530745634004340
-0.94301875280474911634 -1.81215664524705788452
+0.63392068936576517757 +0.45576854728871918354
-0.69627434167159707457 -0.31971925063273221035
-0.95200268816491107060 +0.79236480362610128836
-0.99529902032031336567 +0.32754479831925586986
+0.90964465003575400992 -0.73640045136680298832
+1.53248671176955664208 +0.04854746109851471036
-0.12125240714694983379 +0.38848156356445756598
-1.26283327962009117584 +0.92791513592079544193
-0.36948424465197626798 +0.65806093964779877048
+2.42121541907459914000 -0.72220747221502834545
+1.21729920042053540996 -0.86322996434311427549
+0.01211729532545463561 +1.26019615631115677878
+0.11843688242983702041 -0.30026733842523484208
-1.17424430238056776155 -0.54275118083164675120
+0.58566017122405722439 +0.54900076574595968459
-0.36948200553047227945 -0.23672737769451801526
-0.31014870043776932018 -0.97875817521764929552
+0.50851470529670628196 -0.50497638405870715061
+0.16758685889840713168 +0.93667956294232246339
-0.18188695506342650310 +1.04225430718925249352
