-0.78272127336124119878 +0.11591881572650630794
-0.34458504300350334404 -0.12645001210821193993
-0.72562703390553351390 -0.91278978157347556710
-0.98246772963291739700 +0.70599892668052510736
+0.50651012355839530876 +0.27344026962711520667
+0.47499612211172248522 +0.61077947256083997551
-0.82437701561615694956 -0.79332517334543206644
+0.29184125782441694419 -0.28305932661071220302
+0.45098368460732740637 +0.14323426690749641033
-0.90076396790886437138 +0.80124866406222650106
+0.56290086784121506902 -0.85491825642247265549
+0.48336324969023336529 +0.31732272525029348031
-0.86133556248584119963 +0.87461218202346691086
+0.48143659748630973638 -0.70676173248192375453
-0.26961523156563282910 -0.20167433848855398359
+0.25646856989319344322 +0.82652419833768742130
-0.09313829768998038716 +0.95840185121249299449
+0.43570196922038184617 -0.08860990227390019847
+0.54622226781147853458 +0.96832723967931788600
+0.68709161878850655292 +0.97152296497301149358
+0.69913201761848497995 +0.80529052019031754917
-0.40285158145291277698 -0.20409969596944255166
+0.96594451689452620613 -0.38669304526914238807
-0.92815419688162714706 -0.59633129776122828503
-0.45873744544941841284 +0.35498167787893719627
+0.47688743629672258884 +0.76195054644260240551
+0.43150024777561224454 -0.65396527928657732787
-0.78189174652337078975 -0.18698202465291169361
+0.24171267346247149455 +0.42938851890651719145
+0.57614917013814115343 -0.41370549657982413905
-0.09042102941745233657 +0.59285140605896446964
+0.68855913839393911857 -0.27371458388604019696
-0.07104227719471434277 -0.27908694287864665995
-0.46232341086108030836 +0.95170526791252441079
+0.83825632925190252109 -0.80794690010722547413
+0.17199459692267771160 -0.37001853928188643827
-0.17293078839135889169 +0.33360642146645824724
-0.86829593857935782886 +0.39097599241013147875
+0.17052958572956478100 +0.92885221678754281704
+0.76382679525714713975 +0.95844259580875346138
+0.62634418156895899088 +0.91237690872292476207
-0.54936155604345726644 +0.01149736560864522694
+0.93775631366828471336 -0.42005773171917581976
-0.29932067535182449447 -0.26252377526641712535
+0.57267417358312466824 -0.50968085118026662528
+0.94619556769373502902 -0.39180677707610644944
+0.15532282154398857621 +0.34748047516514835031
-0.31726128281539334175 -0.75532314003121059365
+0.81307102225299310305 -0.90531409133042117787
+0.59640832466261284317 +0.18776223300889038903
+0.60080992415206324608 +0.00377178266582678390
-0.10749291420669959685 +0.14402722847868276723
-0.24537194002810003290 -0.08999268966040419038
-0.43424084318181455089 -0.40988154475348625994
-0.25442392957181780844 -0.23901072193012296019
+0.76584075341470425613 +0.90778273969101985763
+0.54126689809506367546 -0.55003846797698874305
-0.03141923729558304679 -0.71052402217187315969
+0.65812887976943623691 +0.80214773888160406656
+0.75549035198734237895 -0.07947482511016579210
-0.17160025049201199643 -0.31559389975358032032
-0.19663502250762476820 +0.03911105286394556124
-0.47998772926628285873 +0.86650260892199959528
-0.81463726278127324143 -0.73009831339453934440
+0.16405442143313031522 +0.00921616243971756788
-0.53591387599169904021 +0.87428516383292409486
+0.48586919047027321561 +0.21237048445620487769
+0.49384237220017279668 -0.65823492861766919049
+0.25015165881906886725 -0.36208779220647380193
+0.66852901738694914258 +0.18328065443783048138
-0.22743680613148642422 -0.31084296467368477401
-0.73345955429450016005 -0.92664183744592643066
-0.17708183427595680648 -0.96890505036866714228
+0.42951541357998812565 -0.49643769334899334744
-0.49677107910177720207 -0.36589215173574474171
+0.17492877262777595249 -0.28142555250322232041
+0.84017045902385700806 +0.11579388243148125426
+0.26440285998968016123 +0.56363165754479327418
+0.29695571888547900308 +0.57699806503594408547
-0.07148544823952973637 -0.01790756559481665455
+0.87290238388248719836 -0.98814407666109294048
+0.46581879393656877575 -0.18064502912964908177
+0.37042403707958970749 +0.99611367903444580918
-0.64304812853073989309 +0.92494512371872961154
+0.27646038728750066404 -0.89972056679145273606
+0.07502710126652512024 +0.89932087905828450580
+0.50106841300357962687 -0.61076742547758611224
+0.74124961859624449723 +0.75524850066318682806
+0.29406500086460796162 +0.07940589531034292214
-0.31297275507007604745 -0.88348153853965394333
-0.28804769354389292424 -0.25832757065518952011
+0.43290418414042308726 -0.13410310687874216207
+0.43945949135866513302 +0.93868555661577435245
-0.71171114394453116603 -0.84219156391138594309
-0.87999986838563359903 +0.90606536627950551299
+0.64139032409717811056 -0.91699400513274542668
-0.11782087850985045741 +0.54879969466119660204
+0.00708442095097039370 +0.71692135227201658765
+0.86555556060909299987 -0.61569988461946634217
+0.79812743931944396536 +0.37037178820500726850
+0.96342428750776210045 -0.26007267344472428938
-0.21087340737799808998 +0.18074841701343724587
-0.85614634180699833443 +0.95392232041466429315
+0.32251429145005272581 -0.44545583489239803932
+0.54446079722409601587 +0.93139854173391012360
+0.83090983590750133736 -0.36469911447826830475
-0.84983405322145588734 -0.08900299216871143670
-0.29389148256041353058 +0.70887169820865558734
-0.12495044534191590557 +0.78046242761547701683
+0.51692015106531408186 -0.28904597160343104001
+0.89055169282989044000 +0.59411036989664989250
+0.86430420013359143816 +0.88371790063088861977
+0.60327465442497940629 +0.18857524907649603207
+0.25866155025639137044 -0.97195997435812220289
+0.30079453415904544578 +0.63448663666859150823
+0.68877218811327156622 +0.04283699604781721071
+0.37268374859547193090 +0.50185488684048640273
-0.82389849093068812103 +0.77994188574538347858
-0.31944668530787034832 -0.55651656400319193807
+0.67300108120672241796 -0.76514311788818112348
-0.58302651859281207081 +0.81365458883914221211
-0.68231293017466998485 -0.13955722108501511514
-0.74077774961674536236 -0.80069021885653501869
-0.84022902992331283123 -0.44528940148503037832
+0.94038058662189505377 -0.77832511147111671512
-0.18622739686032074857 -0.45347178977783419995
+0.44229305359593462654 +0.83990438735458372577
+0.99836638889922513229 +0.39479672342525695683
-0.14927014151149453625 -0.37758943524534371861
-0.34988729085598890833 +0.60970412003262253187
+0.30731456162718284730 +0.07893146990722943457
-0.58563413699434030413 +0.06974201688230263763
-0.37142378961581745678 +0.82042897782497137271
+0.65858014887851656916 -0.82801281188146469425
-0.20445239188135655439 +0.07953835935939457258
-0.76632204531561076699 -0.07456997021141043014
+0.62097087027823349992 -0.79904030768404421536
-0.04508109927895920244 +0.76074626819413881940
+0.07686627848575966482 +0.43346938793017142366
-0.97514111082264731678 -0.77264207590563005468
+0.62724383255419935423 -0.92952013650413323198
-0.57364657115055384118 +0.92386510409204292138
+0.03739282770766738651 -0.88784098789515053518
+0.24972327846916120286 -0.13803260653988957962
+0.69839056562550028140 +0.24032627560359376417
+0.99452380625343494991 +0.82176731124034230191
-0.72959195725045278280 +0.69710434495395334764
-0.87688531624992038793 -0.76863984521153683183
-0.41936344279423098946 +0.98128029422265905524
-0.11287786875769145745 -0.91118254881179017168
-0.09262754036096976229 -0.23720537646615413863
-0.27404014595955117350 -0.00335777356483579759
+0.44090148069455858959 -0.35477637953108986935
+0.24191910871085497980 -0.68303406483270978633
-0.81031891574780723353 -0.42549288759651937575
+0.86833091431099806989 +0.95311964627067169431
+0.16509407452252800041 -0.12634253219316349259
-0.78699976265298898781 +0.48014516737862034113
+0.29557018423820702324 -0.21959068177110574460
-0.12767001337627204016 -0.08057815687651559422
-0.61069930825213014636 +0.55211956234629089302
-0.16529083441853797964 +0.26443774590919999490
+0.29210186930911463676 +0.80706193933690317799
-0.64936971960305833740 +0.80652725724121543394
-0.81029344691279958646 -0.51714924827762187576
+0.50497505049532787069 +0.75708824504016947188
-0.19966880434083233986 +0.69098622378361440610
-0.64685136519401220667 +0.93277530436190558838
+0.34924897007422361916 +0.48554279408836209520
+0.24950990415568385927 +0.37535418162495615135
-0.87256474645093429210 -0.60619218052475432046
+0.86666182177702300038 -0.23805918196941178167
+0.98341407715322537442 -0.28495960742703707602
-0.68835306363227277693 -0.88285432503112759584
-0.66266219714228680182 +0.17607086499498936227
-0.07378363655924435882 -0.95566487015461287768
+0.04520385909283475279 +0.89430517846080204158
-0.18078072031665382013 -0.88334503247197271314
+0.87117583106059703901 +0.59278284006477965917
-0.56959742738769936210 +0.40628053982761325180
-0.87047124705310308102 +0.94276077477625608303
-0.55322245868528319157 +0.32611458521812886069
-0.93456296873357702637 -0.01550365941711562279
-0.88149266674212611861 +0.56037678055126383114
+0.56871603702632733679 +0.45444354421982247061
+0.23444448856985600216 +0.40832121334666160450
+0.18067535063247941451 -0.25633760814483586010
-0.21262236093629827138 +0.19777494246779681042
-0.38814810010402833740 +0.11827634685157417671
+0.66676401800429307976 -0.62288145559487007041
-0.02989533721490289508 -0.35480082315104621848
-0.53577218017219663260 -0.33763792995244013007
-0.17108388462817791797 +0.12178692600287699399
+0.01868393438077498026 +0.12537740112642548063
-0.45917494851894069541 +0.78693455904041353932
-0.39467200303217109258 -0.34485375532948103761
+0.76577329021694695577 +0.71758636708218093148
+0.80631353207259337523 +0.50972323857425960725
-0.25883542827009642373 -0.36855369045374142267
+0.60766904687632417037 -0.85719208592606377373
-0.11088904676746813571 -0.38933110828874228915
+0.57580443184526575173 +0.78562248947038182401
-0.77928846827034869982 -0.60662913310151900248
-0.12189003591713487573 -0.32335752657013649980
+0.39494081995599694679 +0.70978148376081784399
-0.19747032042821133224 +0.03250795097881442608
-0.78016355946314974723 -0.83010219953573805007
-0.36155816579916510989 +0.65808737098221148365
+0.10257716020040619220 -0.64712940242948935321
+0.91946604456019787044 -0.97535566548945440424
+0.94015760345154864019 +0.61367714332698208857
-0.52378537962500271163 -0.79509259774020901723
+0.19619431150615529447 +0.12183840738148665750
-0.11641041484415759477 -0.72850576693375024284
+0.25883081379332839589 +0.57473832724464668509
+0.13715701462770812924 +0.63691823359919363945
-0.35063436055939978253 +0.45989042808079449998
+0.76873410130448283084 -0.18791432963784693300
+0.13429538112419736606 -0.99062139560666317983
-0.29434068182973494032 +0.88811492329425778536
-0.21846503069201594904 -0.47845741458412227587
+0.26870126101917457540 -0.10137389511954819632
-0.56782346490894974878 -0.96585605263983831392
+0.40034642380895735236 +0.40778858924169480993
-0.24700020951460377461 +0.06167160593954612580
+0.16278769043045193676 +0.36693618016072715449
+0.25083086552449040951 -0.85141427218980325620
-0.19818028376222662779 +0.90637851149909587356
-0.00786366751132705488 -0.94666433585976861309
-0.88522970251055932422 +0.51739042994804274045
+0.29685208917552841079 -0.22006144880404132635
+0.40879067854265160875 -0.49802960453436351251
-0.61708111577047275453 +0.01511250919868767362
+0.92600651485777962790 -0.77168922158539876577
-0.20987747481490948154 +0.84814700047719915332
+0.14627462284954129146 +0.05373707655014592355
-0.72629881631011694587 -0.97421788583385082738
+0.09258313662798922650 -0.86465307008831149282
+0.11356305154108459199 -0.65326145415446945641
-0.31575300106617665286 -0.50314310261762540399
+0.68918051513087941196 +0.64972881275378058241
-0.97964232015599539416 +0.07826046739766545635
-0.81775092103305779823 -0.33711014256684479484
+0.94924201564887344951 -0.54969918685142782344
+0.36494621240658653427 +0.17123036321277584904
-0.51831927549205536465 +0.79019410582353133421
-0.26530947811924199264 -0.35167849846438414829
+0.17623382802109177625 -0.28996513575742310920
+0.79358964282140331825 +0.85785229665033346791
+0.26877460027066990556 +0.52077376417477028170
+0.34099912953428757056 -0.30194233765482292320
-0.97945261736880429027 +0.25193508366012751232
-0.56274121334210103207 -0.41394034762974873942
-0.12228410618237517404 +0.12391811937880592431
+0.73725223766208469733 -0.08818052593685621332
+0.33706345916645430449 +0.38611536702118254283
-0.39752964279149805016 -0.68813129804783135235
+0.72623962881180470497 +0.64471544852310058715
+0.09631333523899687776 +0.60238512208517502877
+0.01409723705511911618 +0.57189500328522790973
-0.78605564602914168582 +0.16368438614764713179
-0.60836962912585579311 +0.06467615108704394267
+0.99426151311282118250 +0.26457818838591684596
+0.60755805965134990210 +0.50756070694768817830
+0.01528487399182809625 +0.51944292260804370009
-0.09953976629770000528 +0.88105026019555809924
+0.55588122790889427094 -0.86054589297346018029
-0.16556891128935213864 -0.27140008275537241822
-0.05752845075425261356 +0.33492473519275423044
+0.28060495832229914726 +0.18605260800745293537
+0.49033134788229859602 +0.15085678437847782618
+0.68372585589919143700 -0.99950959196645761118
-0.44536056249209354796 -0.10944466964173149570
+0.67258865242165910558 -0.42298752019373697664
+0.22354211358556308475 -0.70565330027106942801
-0.70149126895375069068 +0.20862616319708982004
+0.44910969301993741709 -0.07039757357716225350
-0.95636278871282809355 +0.44485816179062087627
-0.21501031644289492206 -0.96365539088575280502
-0.30244656092990362950 +0.19707260295889561519
-0.65210289974846213923 -0.46991024886954124717
-0.69518858550237938587 -0.95818834046805223537
-0.52371464508388787529 +0.07152710836530951077
-0.60138781346400449479 +0.71077239396967795138
+0.43380318459688971267 +0.10681452779883549020
-0.37487541725576267737 +0.23837161363204084630
+0.75470306763140593276 +0.06835513083832966963
+0.86900678324765912031 -0.66537865835126974723
-0.29364694962692272640 +0.13724933552784324142
+0.45730080566241504414 -0.94012566418807907986
+0.45764576039793447571 +0.08180771775999406970
-0.17687160974567839311 -0.40660729131013861881
+0.72794711951302693009 +0.74938262255559329184
-0.44168647603759580988 +0.22968466239641927018
+0.55404147563810512978 +0.64356830977693602058
+0.50670049678358997092 -0.33083026252776637222
+0.72443356133473435499 +0.02755938989860862165
+0.02750625693143504691 +0.75882023698144518420
-0.37890636792540144384 +0.61824194016912681349
-0.80360628167395042887 +0.00329179983831950906
+0.34371491311538204805 -0.44404901206304070449
-0.66203723588966778557 -0.08455157161777160368
-0.36519271079672677160 +0.17517297162900136165
-0.53276714959619209111 +0.47253951584574194200
+0.72643448841125923821 +0.44707591134095747698
+0.82923240494356997843 +0.30995373288150918079
-0.29062005475510788166 -0.03969991319766674742
-0.96948155279259373707 +0.72994905643849650190
+0.21621312671495385160 -0.85756637393484780318
-0.72526731487530948783 +0.81924928889156234391
+0.98439687564042110957 -0.21370696055095161903
+0.73295867150219407016 -0.09477079038951963241
-0.00661003246887159612 -0.27383729627646125060
+0.05596434487129720026 -0.89804466207138289313
-0.04861913720112309711 -0.11367282721024540848
+0.99639504666627054519 -0.82748488101690198526
+0.20975851374962717344 -0.15232454245800663983
-0.39901460669435739881 -0.45191309590700079468
+0.05100265520150903953 +0.21341606081556818708
+0.24122816282583436909 -0.84114132202849223319
+0.03783625180153338263 +0.82305878647962993355
-0.27382101096636057846 +0.65027763982639963380
-0.99568182699456886375 -0.57315789004039241483
-0.90495886507762501871 -0.70557299790474026224
+0.92845396072632535578 +0.04521616649952497902
-0.81943638562741205611 -0.93054319040644251082
-0.58344239607383707735 -0.04315261618608912109
-0.37849895778967179716 -0.52702094024496037861
-0.22343866445430737855 +0.32581034847221190809
+0.96631621272842616044 +0.71609093290526648623
+0.40971694341690678698 +0.09108738406189620385
+0.37348808974188218990 +0.98698252648733530989
-0.79973759694464008341 +0.06767734963198845932
+0.38813056471095741529 -0.35588546020257760816
-0.34760338187791228748 +0.07962814739068724279
+0.48288297987490680363 -0.77713483786067305559
+0.33645448866583715919 -0.25597743749259316282
+0.14128649797099979146 +0.30659612608801567468
+0.76989491098054774199 -0.34161300781029591001
+0.36584781489508322316 -0.90672847004539769422
+0.01142033386300678188 +0.96947315871620620698
+0.70756384536977967592 +0.30205073416456329483
+0.45489578609172220958 -0.54399881050214204947
+0.86155904481042266951 -0.34577358183159545568
-0.47687963256325716088 +0.62823531025338175127
-0.98817088214678694413 -0.25063980783046280187
+0.91281819802189212432 +0.34453691084431903313
+0.47701454558903866321 +0.15273827005889661912
-0.89362845489148234890 -0.12043872771069330518
-0.53058154498520893050 +0.96950216575024272814
-0.19741325593351044532 +0.43263529825586477529
-0.93348894152306383099 -0.48505570723590496485
-0.98895650456295913777 +0.84385912087678893734
-0.10757134040068461189 +0.94157252359707421796
-0.56534924280184206680 -0.55722012903011086671
+0.77098462520944344156 -0.00405322584907308325
-0.91876711083137951874 -0.56384964474059073858
-0.01565872999790030029 -0.17522912699158021965
+0.70003289821042513630 +0.37448373728386608050
+0.30512171369331309023 +0.06609450057380805710
+0.42890660454903062337 +0.86103569913470257013
+0.68471020540353810802 +0.85088057008985673590
+0.19078654765216129796 +0.41294815184837463384
+0.85026105039284938236 +0.78983122119575654985
-0.39561237604305721227 +0.09428563243002208161
-0.10265189576981548214 +0.10294258143608869815
+0.42801882095472021383 -0.13180240789901609411
+0.34847494918091159732 +0.85961106906107520587
-0.84992658417283539762 +0.26109186348516888465
-0.36098429067792747738 +0.83381800579521869743
-0.31428551971762708206 +0.27650477137413442819
-0.05366304069877658733 +0.48713774481512572834
-0.89303352916127387573 -0.64319198534438082326
-0.53513610540746570088 +0.87124569491315773107
-0.97166524017510069733 -0.37715861091010349782
-0.23106610407904915050 +0.13623672144842924325
-0.59199164412463156637 -0.05135984946400617979
+0.25070717912689510776 -0.08029371400439866413
+0.39487115767887970286 -0.33064581486798383381
+0.98387824741590401700 +0.20961985966269303105
-0.77651864220987509846 +0.04532378471431752764
+0.24573454403931904722 -0.08434894788656666087
+0.02040627709296849446 +0.69428272946931146592
-0.98603446105904901664 +0.04352473228294240215
-0.89929877938357805078 +0.24436352233994540484
-0.39663699844224931113 -0.69576057710571292958
-0.87448490278714152701 +0.53562102923796195419
+0.49092170413846747401 +0.02908033568468448848
+0.31627662845217763277 -0.48438762002235402626
+0.71938411556332004793 +0.36775801817582665088
-0.63898972329791603464 -0.10947518532568523142
-0.78867093034654400796 -0.22424719457675146295
+0.54151048338233187529 -0.69755251405165097367
+0.65884564971555725776 -0.20466345319923129331
+0.75194709453868280313 -0.98539714390332178162
-0.44981488820595716405 -0.12305764155429010920
+0.77433285433897158789 +0.43626734771375597077
+0.52894913133681664696 -0.66027018145326099585
+0.87387354245994797175 +0.89879794346341168598
+0.66963191788784870440 -0.34865691995586778340
+0.22407027581987581932 -0.69687909988190321897
-0.14338394412120947230 +0.92803083639633410229
-0.33477285005740520241 +0.17689550057636238556
-0.74876779124459913461 +0.89701403621199582439
-0.86664010189875928525 -0.25973491740821774698
+0.01753643196931253811 -0.78585783582813295567
-0.87358408880496329907 -0.92129307159719164844
-0.50337279614738661415 -0.79037854817738417701
+0.90903251811330743060 +0.73044211024270611077
+0.01490290155021134488 -0.48416027009423845406
-0.21995853576197088586 +0.05091069566222738985
-0.76181275800024828015 +0.29255069077139306266
-0.52184834984347561182 +0.16398316085025688160
-0.41971450248356290125 +0.36817987854541200932
-0.20611867532712357942 -0.04185691354818277254
-0.21738892724250646893 +0.76496730448088112730
-0.37768725359659449659 +0.54430946416412462341
+0.03692114978342542209 -0.98812823376252656438
-0.69428686946394724266 -0.21637434339354388868
-0.96397258215883452337 -0.49318182368171425978
+0.34270413907535024478 +0.88273785616106326124
-0.22608873881757474145 +0.06536270583857306526
-0.89568299866040601565 +0.76143127634411822413
-0.10794781025444732947 +0.59862652178334818664
+0.08020348584871084263 -0.02045749642164840232
-0.54798957527379532628 -0.71548813712884240523
-0.09950198476611915588 +0.50185222648374727683
-0.32556540333689465427 +0.41834332875345436875
-0.17459338597807261273 -0.51195111876760313052
-0.05223329391015085754 +0.42032417329356830393
-0.16763015183506912997 +0.85474228699923693320
-0.89880667092897681414 -0.54628760966225065054
+0.64037351115448370997 +0.81645316724434868760
+0.30361351991963880792 +0.76191947272305560190
+0.11640179525480642830 +0.69700490452008723175
-0.05179523720441836510 +0.30204167349617327964
-0.94433992876882610901 +0.72299862519273250250
+0.68497475972156807167 +0.14906415223897129252
-0.70212661638695683664 +0.97654656493175084897
-0.13256539506089515257 -0.34719122068532071168
-0.26290130921417897980 +0.98887698864006190469
+0.89931692527405804327 -0.12037278027271769432
-0.51870954361227750162 -0.40808371684116884204
+0.05070166918640306442 -0.82078563733115061929
+0.83812471063406213112 -0.56603273098616169179
+0.65115986856848739883 +0.74252783514716913515
+0.20102714498276075261 +0.24890173719962538357
+0.00401716424237674730 -0.81230141909418951407
-0.50255351951620741424 -0.94187763401760959958
+0.47823930833602368295 -0.03631514154329762434
-0.45423025122720339652 +0.02708328384871405703
+0.61485159070868711240 -0.15388999481270948522
-0.57981462826290020018 -0.62097928552458681040
-0.53104582676757683402 -0.99172337448084890710
+0.88468826197539907064 -0.42586374256746717393
-0.27315840147990866349 -0.88753284534752485690
+0.54381330720195042439 +0.12816252793276072808
-0.42317982151971023086 -0.83279130118487687540
-0.33085105188932772968 -0.53959561140539125113
-0.56145548366290487508 -0.47265690173422347797
-0.27902145702813907491 -0.61231985435299152165
-0.05083858593953483052 +0.15966254485858732970
+0.56898607500049358521 -0.43533634393520737049
-0.08316040098996002605 -0.24448410822217181426
+0.60002737774212788757 +0.41723637085022713400
-0.00195271975404698317 -0.80834152552484672682
+0.54185277410701782053 +0.84814645130566712616
-0.46461770132834545599 +0.26387598210755314199
+0.82337685765154255968 +0.82216832066147937930
-0.14848310601743275328 +0.04367626586313000381
-0.68946564945559463133 +0.17142593243213655185
+0.38131483284107092757 +0.09425958899751640807
-0.20615698539301430259 -0.89675568188715426565
+0.37589728729748239644 -0.18033717479030686448
+0.07802888867059598610 +0.92415346741009951614
-0.99703828858171128502 +0.23938410937473708628
-0.25659900067548524483 -0.54155622099147882054
+0.51999022981778497687 -0.80540690394685210407
+0.88344707005177647297 -0.74375504015892701659
-0.41771113229993495075 -0.49111287484415422355
+0.10452516032371339527 -0.31661943947821735712
+0.67792541258255556436 -0.93640008598008583895
+0.43234523871121299798 +0.73185976400285523980
+0.43579340358354867746 -0.74311062293483565178
-0.74955237302867261384 -0.68933145654178118455
+0.92082651403342397067 +0.28910510342632700365
+0.39106123380821999902 -0.94921365131903745471
-0.74924751637356634681 +0.09214340584784030952
+0.98521202212413849786 +0.67616481222854929456
+0.03628003855070516259 -0.52850344301095586452
+0.80425313369119266760 -0.42897053457981559887
+0.55657655188192012297 -0.64758695780954012022
+0.17626074176474038069 -0.75811790871187345608
+0.14352134171357655568 -0.47528530049090012000
-0.55912403614008621133 +0.66127139488572450610
+0.98216636419007441461 -0.47456588678456812502
+0.64897722343925812183 -0.00902231203720127439
+0.39221881249835433003 +0.13305358858859861471
-0.74632389731528081533 -0.70054844720927689217
-0.57880024366307281092 +0.22685913325022522002
-0.15409138973789460181 +0.32533304589607747737
+0.44995300246382496923 +0.29731265825199981734
+0.86739856790349967319 +0.01474673899525913434
+0.14786814673548298593 +0.87099740912196099707
-0.64171706292402275196 -0.69327935127248196956
-0.21579453276647320159 +0.94387550510925977143
+0.84957304965989455248 -0.01068225555782564840
+0.21223296423291437840 -0.55851471297328725285
+0.69758866107591521732 +0.63724102978264762775
-0.33490191676323854963 -0.25676206923677002969
+0.69770196814252560813 +0.10171755654396363866
-0.75071324407015915803 +0.37902438680221561818
+0.20561775783335267676 -0.72164171575633684341
+0.65760795198204524681 +0.97745265231936739880
+0.56185459616007649153 +0.94847612705529238397
+0.74118796747439774641 -0.22254620710431494146
-0.91507633169369784198 -0.59603396603295188960
+0.49290599971432502713 +0.43313654949362967450
-0.18519144438496137894 -0.10323263379685965191
-0.98742629532219750033 -0.75979824343939461606
+0.62309752584323629954 +0.73666159003670950156
+0.82536746371557168089 -0.04404320970434838500
+0.96474186056140798229 +0.92191520704510487860
-0.30930310226523949346 +0.99045784408159853740
-0.27388716263083434654 -0.52190140950399710462
-0.02299042019892461042 -0.48923170001447768840
+0.31719763057688177277 +0.00661060477991859408
-0.18574339200208700440 -0.23753969827303000883
+0.20680485065054066141 -0.30959562110438421101
+0.44304528562230283129 -0.09885516319608078639
+0.64883001148653174361 +0.29883796259616235425
+0.11912430346532865144 +0.97803314303402122398
-0.20844000552906161161 -0.30173431230956815341
-0.45834759731645191572 +0.64416531007675614795
-0.46900382926977690623 +0.76965272499080006341
+0.04962697278200711715 +0.61911676502487233975
-0.88900580711165222425 +0.61803719204048146452
-0.11842012568903448333 -0.33309146291101887627
+0.56125511116773574294 -0.85181047005051091503
-0.49985511758703271568 +0.24609507012821429939
-0.69558412687765502902 +0.32258753166141262980
+0.67668202140623545660 +0.63105590423626045649
+0.52831669403745107338 -0.70249713423335724549
+0.31818541996864935228 +0.02534407508945002441
+0.59177268837644958488 -0.23091181379806235974
+0.44504197697253000676 +0.17687126029002997463
+0.07447903899727958965 +0.73943775607928041715
+0.89830798340488460241 -0.65715967500915106747
-0.53665004859193810027 +0.62401514829611981483
-0.13599511538622133244 +0.04274408647047911458
-0.12111854707677949250 -0.39441245444916583907
+0.53163590442016173121 +0.74562338187127918943
-0.95047935235092984030 -0.27980488393402458414
+0.49765759852000845953 -0.64622586198527876000
-0.47957336933271932367 -0.21899465315609800697
-0.80091434324802368572 +0.27735102768085506675
-0.97571742679024198175 -0.98701601729555199505
-0.92682923706340147874 -0.99097990674524294441
-0.90303174765499472088 -0.45637344682263281115
+0.93931157029487044596 -0.71687468446831670299
+0.57982579707350945242 -0.09844765157505919184
+0.18317664907442554600 -0.51531935973974607457
-0.57956210192609391996 +0.72349423781103827658
+0.43420585027917835141 -0.13156656075566619535
-0.28661883113958519509 -0.31594338052522830118
-0.37145628558437815414 -0.82567189902302873250
+0.18640419422115006576 +0.35694414290989406879
+0.90821781745271845665 -0.61939770121818882309
-0.46487959692548197488 -0.25092819171159708169
+0.91610515456094598896 +0.75587697914973484004
-0.49954002703637456761 +0.28762000081635052950
+0.03219044928926328986 +0.79146296225281398407
+0.56897986904914277240 +0.39345345921938212896
-0.45606997034694729543 +0.62048390232498107366
-0.84487218079075088184 -0.58031061141368334155
+0.29026879269668048877 -0.61759689096155456767
-0.22375153251544710464 +0.43909280328212085820
+0.80370456229141629123 +0.00385904178787344065
+0.85956873114171439276 -0.21317240198459508349
+0.36631888625511965785 +0.46565785367593015565
-0.25739914335624325403 -0.64029846669388512659
+0.63139575757624522012 -0.95532352087555882925
+0.73498188889383930800 -0.85397087011719263749
+0.23599763021598896273 +0.08105644292887559388
+0.78475327183400245268 +0.40640406279926288846
+0.02606414061254591630 -0.41795935631845537728
+0.37008726553996251774 -0.35580347932340306016
+0.30185918120208787840 -0.22215883198843444646
-0.66874377262888851092 -0.65950137461585556231
-0.01939045717856613393 +0.92290425201092718410
-0.79115639442296958883 +0.59653858822486349744
+0.96446812406032766951 +0.48911980620979345069
-0.81349697035863832717 -0.93589997201567620699
+0.12877237575374711476 -0.88593124824437219367
+0.97191626284871124319 +0.88870284286563094867
-0.63929381859428713319 -0.47277997258594650631
-0.29024618516189937267 +0.59129158480159405009
+0.10393075428385789571 +0.95229061259174208054
+0.99764930685696207036 -0.03049537478947317304
+0.40221073585135025397 -0.71513860240595206186
-0.67097872217135257067 -0.06172045464181175056
-0.52125994236792005943 +0.02935629801204053813
+0.37264512715737962978 -0.19429255498272102187
+0.31822094863319283498 -0.85733038645878378858
+0.67947227931388942679 +0.22717208882898054512
-0.84500114719654861872 +0.28034645223779408596
-0.18729638566120376808 +0.33619639624405595058
-0.16906302163728592625 -0.04207623938095950145
+0.22596844822880179926 -0.15096250172551317625
+0.13720482788550225628 -0.70612693954518124251
+0.91911841083700762667 +0.94145615665944704098
+0.75436418999339660552 -0.86019951868626121083
-0.78444394647288251399 -0.62785985212796813215
+0.83833861748978666384 -0.39544850729391489708
-0.05072243674277543413 -0.97755113114339042824
-0.49605541552529652805 +0.69152836287294094930
-0.96602632628290874273 +0.62090913613745257749
-0.46672310433026176213 -0.64664537497861029891
+0.40171149346392254209 -0.23721912421250657133
+0.66157545522649030545 -0.95844604375175546096
-0.75601294890078207800 +0.76509453350292688789
+0.82438132726857848986 +0.81027922155156550943
+0.99031839777821462079 +0.15399124535878794262
-0.24549780240430107980 +0.91884878627633925774
-0.80064236890481965681 +0.17664849964414930383
+0.68356789203887591277 +0.34818818692337982768
+0.11332578037050389241 -0.47101799892054985186
-0.70726153876698050205 +0.43622911349506332535
+0.20657400155889127369 +0.98500622019242078942
+0.32673522912351260494 +0.59549960517343025757
+0.66571347889717302770 -0.04157966840996274449
-0.65084488560034281512 +0.32257253270125962885
+0.14519747188479126265 -0.05094732408114954758
-0.63715460183327876642 -0.39477992409486950542
-0.80349728835540901173 -0.20523129775408155417
+0.38260178035758318771 -0.84789253199614655898
-0.13069581922093220783 -0.81263881259905135224
+0.15480182157691380063 -0.02525593442625240215
+0.06116343458523143539 +0.88126793838121364466
+0.47861395525613503743 +0.64458023303106370960
-0.81596148682478464309 -0.92975177171998568681
-0.84684662352835493593 +0.87002834540034079680
-0.22120825897438400887 -0.99811708872401605497
-0.34478936385265401832 -0.93747154974920321457
+0.66786288242336766530 -0.39931232402384653213
+0.70122409558447973410 -0.84958882213326480937
-0.75760394827215971070 -0.27735370947061244173
+0.42493876455814172388 +0.28811782177105382807
+0.62417617107198775095 +0.16203998057153246037
-0.03611470866375432465 +0.20361791365652637253
-0.22725081131542634871 -0.34112393500648519051
+0.71878966241042752117 +0.11681421838887295905
-0.73508065424804081012 -0.44519594919396920929
+0.95065154237608973098 -0.35863553205174913963
-0.05636723833224777103 +0.20573405096036889717
+0.83492303890228880547 -0.36901492454620821171
+0.32202735400075055416 +0.37974510938655714476
-0.23236103753010906026 -0.44656842094121196318
-0.11996253328997052989 +0.80487347421428112604
+0.71438063722746325546 -0.56091875483898756549
-0.16573023037520173695 -0.88161193594198139500
+0.81860164224656450926 +0.51033293166478710390
-0.01549499600729009607 +0.63539258464063563814
+0.91777726554376592993 -0.51566602329054078702
-0.09376155330660584930 +0.45905137928546513315
-0.19466412756006579166 +0.82873679527557375657
-0.27200326428155041647 -0.06503759059452440816
-0.91312687545535697886 +0.12210826874404512310
-0.72739194928997497058 -0.04073243463204945236
+0.95199423004068273180 +0.62701793189578269860
+0.27224216140141188625 -0.65410287801916644490
+0.30793790085424177505 -0.04013469880347808605
-0.44924596210782774541 -0.83615167558003911097
-0.58459506765261437522 +0.49765602785944351716
-0.81248786480971668666 -0.74254585127416850021
-0.84751191798387126575 -0.68363111219187300271
-0.38389639231298544608 +0.37834669125912956389
+0.67471919926351797692 +0.76078748274894447690
-0.70229752274773771248 +0.75225465560472759563
+0.50796114436967165773 +0.29155464668664876626
-0.16524672326755629470 -0.73537073183003087706
-0.31263190679276076089 -0.20351472214265475813
-0.19823395419925149419 -0.70478254767630477140
-0.78455289927899851676 +0.20978100717437042633
-0.99348298573993698568 +0.71753136577613307878
+0.98195388660904447953 -0.22829678589287816237
-0.14225406286917774423 -0.18902962900551067982
+0.80159240315707225299 -0.81979532686272116315
+0.48856786556490083839 +0.76908872934045757752
-0.57648959776879804551 -0.46414113933377310062
+0.26474922925982413702 -0.37643384478337171828
+0.11107949858659504905 +0.78647006228089821889
+0.11267685049643350048 -0.68885960571435678190
+0.11011155651772974728 -0.76799378580245214465
-0.44630188693786032594 +0.14580695464132853445
-0.49674616176299335457 -0.74016433105828016714
-0.94081508786364298480 +0.54749565156280333156
-0.16278332195848288499 -0.53569226469199970886
-0.93101250730377560494 +0.52970091694070164934
+0.73821003564487863713 -0.44025843097343320132
-0.65733574480240020144 -0.61369337424526260172
+0.80353327805879115608 -0.60317025757797249064
-0.27308870753290404032 -0.23220566063364644904
+0.56982947675023654099 -0.93865634914190376747
-0.39932875441587611931 +0.68198078343786683320
+0.39008381354274779262 +0.07741495421474930971
-0.94295141606345356244 +0.52403744731334334084
+0.94530517361419441613 +0.95122560058799021654
+0.83580328552099913964 +0.66439829762204238861
-0.77604966753437776283 +0.98597092942962216711
+0.29102606813635523153 +0.98773332177879868965
-0.27799907722037131563 -0.63423839157996364513
+0.42284604370278433549 -0.25111339801532683857
-0.03946774269632058463 +0.20757585883466922461
+0.70575080241328058683 -0.04342403290345764333
-0.67353765742185012222 -0.56753937710455759635
-0.41089266623743991858 -0.21572178262141594729
-0.35785759669221484103 -0.53011231125443458723
-0.21980048286761899590 -0.43071064406828196702
+0.53790262262869092957 +0.17329737423542157515
-0.41399324698405992606 +0.74702861005170473341
-0.64876895013997049055 -0.95548658675699327247
+0.55852373368877317183 -0.98778135017130130890
+0.22054239542941656005 +0.92496523100942718010
+0.44027576028517789730 -0.53950588562113210855
-0.09406995366214343512 +0.39670743449402401382
-0.83934754576647918611 +0.81641846253026106872
-0.16985160546624000766 +0.21368017481590761975
-0.15386968994165939328 +0.43494843523875781344
+0.71239031286262766152 -0.69280357168684081337
-0.09851686126373571106 -0.88222683430452786268
+0.56143106167800538309 +0.74552867592402183305
-0.16224327351681311349 +0.25009307721035689553
+0.10957331560157212991 +0.94161725108073901502
+0.57504510773989814254 +0.19194204929796931935
-0.82952233791539553565 -0.33151446473871404308
+0.88163560688485564931 -0.72397352364627365340
-0.56400562741198290162 -0.65031317215414241595
-0.79363814521439968175 -0.31720376759287183255
+0.94953813428693933929 -0.52563103979055192383
+0.37906305195767253657 -0.01342601322980097045
-0.20406421184670575641 -0.44620981159063433097
+0.77945280621052770442 +0.65043854908837595019
-0.14741465524235142226 +0.89968754663482508604
+0.61354024152223063382 -0.63976003012269733183
-0.68802079098350521491 -0.42485925282681780146
+0.50666028426388920458 -0.24767180025121837694
-0.03266675591079648555 -0.38264787465350313944
-0.06608007737755294819 -0.54996588622115272216
+0.57722106353525837186 -0.67741918233370590485
+0.80122804988560925032 -0.60437688772205855336
-0.83999773462881655028 -0.05300815251673762774
-0.78568706064580928761 +0.64591513105776732218
+0.22087036248383684622 +0.76635301765796559614
+0.60266414538099088993 +0.46127703025354760413
-0.12401193131590559915 +0.94364692994538490467
+0.27768664928944675196 -0.87968432946607055811
-0.96235374417657038038 +0.09425420273044560204
+0.10795587188558930514 +0.12987500286601805222
+0.50635012833505466112 -0.68640591916192272848
+0.79008018863432738499 -0.19614685310577795185
-0.26151146050202966897 +0.96226508815913991413
-0.38853034546507947411 -0.90254028398079988449
+0.63292740316830076175 +0.17110534536136201567
+0.45475098849357742381 -0.93901033166915737205
-0.42350449947294022124 +0.98838537689465000291
-0.43828565881009429184 -0.62061809364690789792
+0.75061160856369046890 -0.94866287544641236806
-0.93103730175369792121 -0.26625919151551591391
-0.37831173649073024379 +0.15212606916716664429
+0.52160672382565720362 +0.99429915693010095801
-0.99307166627428755667 +0.85031575096041533968
+0.31256645007521766111 +0.25392553130394235339
-0.90080150884667031796 -0.01985675651368312700
-0.71724286376401402698 +0.27454963188252001771
-0.45978194307369446570 +0.82887525802102990369
-0.70199935224416654123 -0.58350082303173977927
+0.25555524852197453178 +0.81045721252181768257
-0.54063195715612710757 +0.24155136748292038718
+0.68641373643111713854 -0.49506831294757680517
-0.22130672451475641438 -0.74987214757456222003
+0.21632207310206297279 +0.85601978068340423000
+0.51152476617168973760 -0.21431820645784038781
+0.65561535493437217426 -0.46283349768590187345
-0.56667000720315607865 +0.96330946205314638142
-0.60113970937572491771 -0.54927942764804771336
-0.68780655843501148361 -0.60234344850776544433
+0.69898874824442502884 +0.32077467583398244777
-0.63180738176836270803 -0.68266037040468030561
+0.18211606492098009191 +0.57581062351689649148
-0.86118075837104024473 +0.05696768821984332654
+0.00147049123579345853 -0.46325040878298318070
+0.87143764650013388895 -0.03631323283647569511
-0.61764976794183934494 +0.07911871707116091557
-0.99541674793198975379 +0.38195475950378421359
+0.42890479198216446832 -0.89642316615141592884
+0.74717561852425906643 +0.25601027702884993076
+0.75928778951699449351 -0.23249585144876561138
-0.85927806535213302475 +0.08750310636207792037
-0.86889957094035463747 -0.28320595644608448360
+0.63813197571673430097 +0.63863781663504637365
+0.05307489665031273063 -0.00557179547032404798
+0.57242706891560524163 -0.59523536205226768026
+0.59483961289019338103 +0.95331463622148104875
+0.10220683510207373423 +0.89467412325650697014
+0.55462761134596361146 +0.63890145405219755936
+0.18632861516821686010 -0.09046054186021179611
-0.95053220871337251729 -0.21448529079970990452
-0.55716245676904208040 +0.18092279904237251742
-0.90666085925816686242 -0.03985533277211983361
-0.24442391706657518036 -0.90198442479004015127
-0.55056161886502663627 +0.95205510453886432742
-0.78388723453262865171 +0.89082242435012748416
+0.44179906548726610716 -0.74454007253025333846
-0.60673366164380082566 -0.19853966377537535237
-0.62632318398808806137 -0.28739645623466003599
+0.47211285802318037064 +0.66834928157802608872
+0.69292407218093821086 -0.87654598304818831522
-0.52876177917351729896 +0.73014269309955204257
-0.91039523507091835164 +0.12181025420552238359
-0.10022051278637911231 +0.60826395791446330463
-0.72398459259410241629 -0.77372300043272601577
-0.71032445603225635722 +0.92041622329616923359
+0.62648098616234304536 -0.69536556770649160519
+0.24265701061640165825 +0.11901831077398439263
+0.18089248435523130887 -0.97196151375162842534
+0.85517157011738964556 +0.79487536206403652805
-0.54852244854761056381 +0.87386073369441819025
-0.69212961796425354066 +0.92892271809456183895
+0.61121067139933948908 +0.48597299605034272041
-0.62181033053886802797 +0.30280644551053459423
-0.47410517846106969841 +0.80945035465511927519
+0.65448622818618429342 -0.76577039641274136095
+0.29042223945029022047 +0.85269957249425454293
-0.19948575334068285869 +0.62101863057053408035
-0.72115037889216893063 +0.06848719831997218677
+0.95022504451110934021 -0.58942676664886106686
+0.98160294196096264940 +0.33420364743925534690
+0.65633519237053494777 +0.08781146341026779822
-0.77548854481870765909 -0.87913055105296233904
+0.17915689077473828661 +0.18383043619326366880
+0.01238846899028134274 -0.83596577948883155074
+0.99786086255513617438 -0.02074203820908127049
+0.81500496715755521571 +0.25405420655485388970
+0.49065788056157955133 -0.03099878070302941602
+0.75056425261922221637 -0.63089158676452039565
-0.40389691947974459829 -0.84524757976093156664
+0.57857657815291396730 +0.05419687063211875433
-0.69168122088524186530 -0.26961610251216328038
-0.68457220322967904380 +0.51435208738654636385
+0.78321008450926399291 -0.78057980486610856197
-0.93505547613692008291 -0.69631231422008643683
+0.96614144274053215256 +0.43269461393193320298
+0.58105353171223717013 +0.74376228495319263168
+0.20379179406240766070 -0.59690545498025837645
+0.67362434448959218614 -0.33285338548840770478
-0.46714016121495571809 -0.79213266795708547896
+0.31325334083148925757 +0.09047437771198163503
-0.06542089643302717583 -0.85494763770486659205
-0.23617409854724003004 -0.10918525089026220876
-0.07779398576256069120 +0.30120492559398037713
+0.41371074073311731034 +0.95367101603296910994
-0.89113630622072981247 +0.91620509072633593561
+0.86649888165974053855 -0.66556560604182624097
-0.20816952518952058782 +0.82046681499573326235
-0.03406608325987914299 +0.88700376779549694461
-0.85708826837600149418 -0.27236497488377708898
-0.92163124267041962590 -0.33687583525147601904
+0.54228584804710355805 -0.86821086626230559169
-0.24701740743576405812 +0.13474469219131490760
+0.17166739280129150735 +0.91202107371824148174
-0.37627746299719189160 -0.06696093427036919898
-0.93822242835996316757 +0.22457793386708968519
-0.95170209253803172977 -0.90941353088053178411
-0.40472360924298289575 +0.47857025771053240959
+0.89866696967158277154 +0.02805738808446811561
+0.62709407818759488329 -0.73303297015780555235
+0.44977739612243072820 +0.71472364560935375266
-0.71086698101689704821 -0.61666482774850361892
+0.39391753334986323587 +0.86260755785369314097
-0.23187848292047852361 -0.15989780251490492979
-0.52521311164663897486 -0.28070240953964509245
-0.76869611192434228464 +0.31064868765290243324
-0.14002566462256882396 +0.87232271591180543524
+0.61741455147024981720 +0.04198189722146472569
+0.16498851665815772449 -0.42826690971591974133
-0.75243708665388053802 +0.46565441494895520869
-0.92937008893128281173 -0.65015233052509802114
+0.67225321178063701666 +0.62163916468967217455
+0.38044503558675635269 -0.97005291636810220268
-0.74979637323148806693 -0.18095276542685856391
-0.18386856874928914074 -0.93300098063231051704
+0.27383161226635133190 -0.28046996364574128258
+0.69201892320946134518 -0.65085293955216450001
-0.07104606066677265908 -0.08637628259591023649
+0.80483837904607202773 +0.12272719138605903133
+0.01489915066293590051 -0.37496183054371345911
-0.65088071870022590204 -0.36380500108502333845
-0.85475124412958480846 +0.39570405239189998525
+0.09438104728027862933 +0.59270564520911528383
-0.89664114171664510700 +0.22664568427358600111
+0.98126088024670798937 +0.73082294489667787296
+0.57093176661788169746 -0.12522181500255902264
-0.40800326274512177527 -0.34652853953171147694
-0.06512416092689155001 -0.44989501142358467867
+0.02275256911097844892 +0.76466535281220582299
+0.20437382857531427582 +0.55629877346593503695
-0.18735972507358122918 -0.14913670773783072043
+0.60573196321642042150 +0.29271422700176352727
-0.35846466834153334347 -0.04611772652990175914
+0.04553291492691813325 +0.77822716146766746093
+0.86450220515559927925 +0.45409582737919351736
+0.36143064427711824038 -0.23892180337388913003
-0.65864258081455084870 -0.20866870913611235139
-0.97449874307688721942 +0.21594327343322783364
-0.07229301664636800240 -0.36541191057602584458
-0.61277786800228284392 +0.42360307236960625943
-0.64571236529575326557 +0.54340772436103002008
-0.67899724575746334132 -0.97133890032751923904
-0.36156366067423340027 -0.67936214938021488585
+0.48227367406626409085 -0.22503224272246113991
-0.26639593153564811168 +0.47920810458740104032
+0.21348294823215363536 -0.03620266360594226462
+0.07289363432359952100 +0.47505227045714537581
-0.61189460031263087636 -0.57471643656023196911
-0.43183724734469008943 -0.69299181416744137785
+0.88747921617866309951 -0.26345502641946971778
+0.27164195386653711140 -0.50111941733180098701
-0.14371378674600276959 +0.43949266124586450211
+0.61353050488096783077 -0.29546837908771816927
+0.40051991859377178429 +0.96921708038902831817
-0.85376316880883851290 +0.78945077984689882022
-0.80526884016143274181 -0.94892754951265212426
+0.40492336947935458902 -0.78137064298464142809
+0.55013797373425510351 -0.13217604746305466890
+0.31024501456222153273 -0.30097145952734161156
+0.98380698183591741568 -0.67207998755144804370
-0.47702726278681528704 -0.02577495830656606479
+0.91513081816149477454 +0.98109581412106816600
-0.25544929731469956380 -0.53784502370515885339
+0.85599090313677028696 -0.53069130092731930937
-0.94122628481058545624 +0.94874276330715567873
-0.24133526770024027464 -0.98264024682368855679
+0.01069772436301041907 +0.69860532321780577369
+0.06029643115688987365 -0.94533263787323162930
+0.45249733976799189072 +0.39427595572926388279
+0.24726815015609782122 +0.02045987512064439962
-0.98999322076580198448 -0.38776398786281851550
+0.39394881334541653750 +0.15407135546029615547
+0.45668178560902106256 +0.88521250936569617629
-0.59060504670491886792 -0.87333585361485366327
+0.32445187499301741951 +0.59511029921156066713
+0.09048110282200827470 -0.85044727791217256119
-0.96365689409277943689 +0.54969174391416886216
+0.33102851180518433338 -0.41891551966901774406
-0.85070914995623203581 -0.22632654651965933290
-0.89189984126849219948 -0.91989977140285406065
-0.71477831580804140899 +0.81599038295497661188
-0.03126374850439028741 -0.59987241128251422850
+0.35095379618120525755 +0.91320987048745538850
-0.96097867524854541088 +0.15049766336804903943
-0.58540816651781857338 -0.83587815380814012300
-0.24509731179865967832 -0.96006884287356997199
+0.42371761579867706082 +0.74778215766922961905
+0.81176157756388267472 +0.89070943797800494757
+0.75812278534992150192 +0.36729222754049017929
+0.90151560503994065954 +0.38001251358043641737
-0.76300955783053492354 -0.99348250235564550259
-0.22740740776665413492 -0.94792919473887060633
-0.58914352859183516387 -0.63665614847738161153
-0.48299672165452300909 +0.12201722256592106852
+0.67051834504927598779 -0.81488637060345991969
-0.29376759533920004941 +0.59909539489074670193
+0.16437384122521203622 -0.84294953643942327481
+0.94608120639729387236 -0.58203812550997602315
-0.60211783827724030260 -0.06651910506364311360
-0.46265164705133710044 -0.13108641643212615158
+0.23544432041698315494 +0.71518538374348428199
-0.55985741671951805287 -0.78801378221247220246
+0.48536799362871430041 +0.43116747233506758086
+0.85836038292212935019 -0.07677785578218876417
+0.24905375113186156710 -0.75892417559505354063
+0.00456552376788144088 -0.42541871905417161237
-0.54453051662078766348 +0.23017868357294335446
+0.61238423769645078387 +0.56382704479971512690
+0.66337624808242678931 -0.39203442933003107562
-0.30380411023387288161 -0.91062695111122504699
+0.41026853992890610634 +0.84542648556952282313
-0.04211391341261205845 -0.99947721865950844844
+0.47841137131920108416 -0.24950367167464548857
-0.13927385099981792749 -0.69669122950156880947
+0.34079501185848326550 -0.90102858048343725805
+0.71724678705892874753 +0.61302290565433992242
-0.09250596052520099200 -0.60767534969766878739
-0.64305633044147403332 +0.31995297907001485349
-0.61588005497551967515 +0.38910474449814969056
-0.24122610313400416615 -0.93897926674607767872
+0.37477466404849546500 +0.22477548454521190102
+0.89430752631134979858 +0.56060522167477788713
+0.72230090317976669567 -0.17342075129921474819
+0.05525704759541238964 -0.12117299697242023271
+0.49576680826851049488 +0.84059594241561308436
+0.63629424472606244123 +0.19887199213662243302
+0.75322042767530184015 -0.42520822103382638346
+0.98173524007062495933 -0.91316242022222438024
-0.61047634382032289757 +0.91574763052951047015
+0.66857303607818829860 +0.45374701571965836422
+0.89104098072863902047 +0.66709924061794412253
-0.89868216195279115865 +0.39605992374986209725
-0.48860431888937494449 +0.43891314897534128292
-0.56383839703849814029 -0.18359656826685166742
-0.38018036000215449377 +0.75935454619920816910
-0.68208540864468103493 -0.26353395171119053941
-0.95895228054279413321 +0.19269284090126626019
+0.83464302439397375366 +0.79501704075011137007
+0.58414028548262497686 -0.11039220587465137235
-0.96244353532224580228 +0.45733675753947600207
-0.36831099994377303197 -0.32970782626379424585
-0.12334323074892505900 -0.10245250614536294265
-0.38487619765148384232 -0.72798238967855577464
+0.72865649430228085492 +0.05860195247210842062
-0.88382991722879311602 -0.07273903155275940335
-0.80287984198590223173 -0.52692184957365362230
-0.79646158633245778269 -0.19452707988117090565
