-0.29925773332264271609 +0.04136494568899240498
+0.69866656145403771561 -0.40845492465113575342
-0.91874803015649098015 +0.60394457776265775273
-0.16988987299245650320 +0.74734318744031513759
+0.98641757709185773351 +0.38280995238699366823
+0.36423465146920364077 +0.32038407806463076177
-0.52749059224712890881 -0.36217293027829167151
-0.72459151622725670450 +0.09980552194467495752
+0.62345157304091047834 -0.89879735626857026887
+0.98918874378182786167 -0.05711749390519194058
-0.46139541238536252443 +0.80239627901412813316
-0.74000115208076100437 +0.79970449376826846510
-0.88185491177190744594 -0.99053460298589990352
-0.00764741936776669462 -0.71969504953979090978
+0.99430562856916826497 +0.93795412252661125585
-0.73251205187297729893 +0.81410376982228971343
-0.34119685264513210932 +0.94519357422124206103
-0.35779117818116223937 +0.38138158195680915696
-0.94079765482190813586 -0.15551325189248998981
+0.74915697574258643954 -0.85272614019143633257
-0.06386074411461994949 -0.22389367780728930413
+0.78739340343612052031 +0.25853051576527952271
+0.07704525692043606711 +0.16884155745855222719
-0.78367996439427511923 -0.65140811040631185769
+0.25065437866127915356 +0.48351315056770949319
+0.26724917034256590043 +0.92923045221582656339
+0.88892306982126911841 -0.94841597348285611169
+0.27890485933775721605 +0.52643030456322659205
-0.30717912438002259456 +0.28744996665978939099
+0.89513166803530297422 +0.23098889706650260756
+0.25252112302580909109 +0.09718167568649449528
+0.70537109118190777224 -0.59329716573362767384
+0.35016042815153292089 +0.01981213075031540427
-0.44065881801204875856 +0.78309673106973765044
-0.81631043494032606844 +0.97404323172465279157
-0.72493012371558940288 -0.82167254138063383628
+0.21042198407263867921 -0.08868696593522362726
-0.82349087381084462578 -0.39210062467743367343
-0.38806799019084792235 +0.70819070094288782968
+0.09294668481874301946 -0.67210779813720855635
-0.56652195068177202408 +0.74224793569055647069
+0.77680724139306089882 -0.46986537065245270739
-0.44014928858597368588 +0.94323185079545268650
-0.96080218883192625157 -0.60383281809693789555
-0.00847663047201874242 +0.99235429864057511651
-0.10056427252441135778 -0.61752138284058699647
+0.79677258568224429425 +0.56954461886284191152
-0.41287892005563020525 +0.86568425984303476461
-0.87982288617676340792 +0.60585338042788472457
+0.91113086555116851173 +0.67348289798196248057
+0.35969150228908652878 +0.09926099081548733771
+0.15678014997254807739 -0.28710392297197695477
+0.07275287144909259318 -0.17682478415946212280
-0.40650040225053496457 +0.18123541764214379235
-0.75674721585873361285 -0.85599599535925530169
-0.32821769606761019844 -0.77756925101817198076
+0.98833270424412278388 +0.61025056917359354891
+0.74397064415092351020 -0.56954685541486593792
+0.93361711519385237601 -0.93748458606250206770
+0.04817923391442269221 -0.03506671723849752453
-0.85708230276817998217 -0.82137953914083450258
+0.10238426772276887355 +0.05064531197232913229
-0.16914226619783212513 +0.43666288507642869732
+0.85041516484502555073 -0.54584880788860656864
-0.22862596929464507056 +0.98873007765130505042
-0.50826245378744783210 -0.56099266725821039792
-0.13145782577429088178 -0.06456212700675423299
-0.86855746692639890227 +0.72172427712154130219
+0.55585486610180989686 +0.96146853647165175794
-0.99505398249930010479 +0.40780941598473341436
-0.65807651713756842859 -0.17525045551308959801
-0.34179563170561877428 -0.49828199973392561795
-0.00464596222354329846 +0.71703311419656845516
+0.57346997775378971696 +0.62895851150482040559
-0.91855180083497423027 +0.28579581980157087173
-0.38814408979003967026 -0.62074395418677630332
+0.82415264686084088730 +0.25607245559792657374
+0.28158659172667555026 +0.99455703058633160296
+0.40250972502712367707 +0.00075992179413075789
-0.97404656250210641666 -0.50338464171624330845
-0.48443868377835719308 -0.11911030195430782896
+0.31219080133457977055 +0.07510966882494329866
-0.19073511807268839213 -0.37432479034502286197
-0.92259796597669763152 -0.58751894751639688330
-0.88051702895631400736 +0.91323591806058090903
+0.19943589450106946614 +0.03870045193561044705
-0.73431555968146589031 -0.86476133718348280333
-0.71969161702401507341 -0.94689048399305164594
-0.41215795154732481897 -0.44041435105776494119
-0.12009247582935911325 -0.46195562487529118201
+0.86976216674357931247 -0.63462464462500478568
-0.60432997941737576220 +0.17493513536018512333
-0.32296320462590499822 +0.55076446574143833601
-0.78588450113063323954 +0.47102659538383373494
+0.68777671855437150228 +0.85287922284600514722
+0.34005163492055778818 -0.78809875309219035167
-0.82712712846866387473 -0.77324238228882435919
+0.55770114020831118573 -0.63188602125899917539
+0.37018440731756485640 -0.19170683208825201049
-0.37013746334503649926 -0.20853147434587193665
+0.46157804068269858710 +0.21858178719487475483
+0.80061625141167658271 +0.21788878365197050790
+0.42491600799529849475 -0.59960345526677016892
+0.32477558270824458120 -0.23776519789709960051
+0.90933221061534097451 +0.85158625177235491854
-0.30788449288055441677 +0.10456599180181092024
+0.95391513536648964156 -0.34714402984518688555
-0.44496592222710451558 +0.34688985043131381758
-0.12473189535662210226 -0.74607353803196740927
-0.46413433033637385705 +0.79988813415404780294
+0.65903398657662504156 +0.31106645619744455189
+0.23881498565098691067 +0.91052703712959504045
-0.95311672349931808590 -0.52747646540292070227
+0.69576315288840717699 +0.35836134256360940853
+0.60647708440931613616 -0.64696549234874711765
+0.55973774224474426298 -0.87894816306776046844
+0.41238193141734158509 +0.13770981826885209109
-0.69440088015308831793 +0.65244288531234051476
+0.10730581710042708110 -0.06380482945333088018
+0.06126296354001614652 +0.39482377654398281841
-0.83442142158086562986 +0.34917753118408434432
-0.22550410568179279913 -0.47637921216392764556
-0.75693001665484160867 +0.45478803415820756584
+0.54099207825042916475 +0.88706632004615215692
-0.20047562043154321110 -0.05117713129578271847
+0.77273103296313760957 -0.01283014084706413094
+0.53993807453109421424 +0.56359100831917530172
+0.38330593479047947447 -0.15301211754413501787
-0.46112319602329754353 -0.59292947536146867193
-0.61834333417461406768 +0.95360012013540118581
+0.77388438078539700804 +0.82604808448500022244
-0.35933317889568061609 +0.44689172426215773015
+0.61122204282831460453 +0.65395406007825784833
-0.55916395351002745606 -0.33679221184612440076
+0.73712973608167953188 +0.37149761603226139073
-0.03555617022663470905 -0.52785171178750189824
-0.52678156158934053011 -0.65417892913706943148
+0.28200964931546601555 +0.31046881428961636828
-0.42048424449974275419 -0.57431238662050820842
-0.73539225687781684115 +0.29962492496705128708
+0.07226051714806502879 +0.81516942189074170777
-0.92364530874682859718 +0.56294484474582806577
-0.46841120846909412023 -0.96218839112209697539
-0.63321017184207750716 +0.81740943263999210622
-0.60825050678776659829 -0.25177850896928855029
-0.30680891398630216749 +0.64516099599927545505
-0.13519514761128803571 +0.93672959091906893292
+0.72123961663909730291 -0.07078986018216371079
-0.84373214123957840371 -0.09665975192041331709
+0.23210604298222037301 -0.31998948705763252676
+0.19905474445839210773 -0.57858963754718661932
+0.56724563964180130249 +0.96735773680488601478
-0.45406596221605544095 -0.21460937125135237658
+0.16704541254030291775 -0.78390522949724505963
+0.21751220578657326499 -0.11701979246747384877
+0.72156867747707331695 -0.97934586916734733819
-0.15282077038252350754 +0.80548076777702148910
-0.44390124801446018132 -0.66229700565432736425
-0.39922912284547451556 -0.08533921659956877903
-0.58563659180319183051 +0.43946531233326990851
-0.16872679857303074513 -0.36591472138351965881
-0.77922643104845179529 -0.44345944642107615330
-0.47133689787548416206 -0.96148309995944636341
+0.98973018765879161585 -0.82463393697569720153
+0.67446457767294942798 -0.85191790618668972179
-0.84390181403975006447 -0.14507373377729515518
+0.99018974974711748693 +0.12284084505587156144
-0.77912073165337414338 +0.83587426049693291930
+0.80709256728343947707 -0.65143442488893010811
+0.02610298367259300534 +0.94542343489228053421
+0.13413659487960760686 +0.96658112049063316107
-0.26066477424380041228 -0.60892991845917721072
+0.24360955806134798607 +0.15030998588382948888
+0.00216381739903703796 -0.62983773201031456601
-0.47460943367532992809 -0.91725877646919951047
-0.68628746038073851210 +0.43846928802091333921
+0.70265630096897879753 +0.61490513681146219405
-0.11585504856973538601 +0.50983881976610767595
-0.01788387928880408317 +0.28351666102118877610
-0.84749491985698943708 +0.47513335056672745260
-0.58783852801452907144 -0.10192692785307388981
+0.96692808212218595010 +0.57063431530571917527
-0.84749391199029489030 -0.38749927492845359644
+0.47021648360946954881 +0.07238791811916245322
+0.60038917198886521120 -0.88127930783984131935
+0.18497276678013774287 +0.69553494948717808910
-0.96690318533962549274 -0.41346352778260175853
-0.21422524597015479841 -0.85095536880990163553
-0.47598285267881723648 +0.54683775780983112647
+0.47723012799753639079 +0.34543080500418654744
-0.79381947130170704696 -0.72938841167096368778
+0.77349412695196884115 -0.10099747348704712913
+0.23332247974087061415 +0.00593739364260637004
+0.54031554818755611613 +0.31965323025733094475
-0.37497382055293360104 -0.78087505709235505158
-0.10187059343706295067 +0.43794208732047690269
+0.79926787311677438552 -0.21492031780552545150
+0.99582795229466536391 -0.70935996081591556894
-0.35717432284803574127 +0.50175915380176050462
-0.49466989001314409791 -0.17869699891549339910
+0.08887436611486720928 -0.79664624373654135958
-0.30240923782982487289 -0.75082493533576766254
-0.76774824629907589824 -0.70420494509765174662
+0.00878109247547032012 -0.05907798229027072523
+0.96710289940494131855 -0.88558101445130454898
+0.01114761506075900854 +0.09483289345983192398
+0.43454692690953899969 -0.03349533013577388196
+0.92551484735262712356 +0.75794404065946685556
-0.62359625875390900518 +0.44833878331484355861
+0.74209080147202355349 +0.38928804041049813733
+0.86270708626583036960 -0.14504829736222002445
-0.61443782182275574755 -0.75079228465170966267
+0.61655163370327858985 -0.89412514646132090768
+0.94139270886823300799 +0.80901477281671207997
+0.02420467885595400936 -0.16540447190526053056
+0.77962498391433499023 +0.96285630874386929356
-0.39757717450637808376 -0.87206806235147182882
-0.53304155565920208204 +0.09906740409187242413
+0.31548218881174205919 +0.16338578724320074187
-0.80732138998292879428 -0.20835638585207294504
+0.81403308159674803157 +0.60161529612116315668
-0.57611928352163932487 +0.76192140611060121813
-0.93352611406729457677 -0.76402188433699902426
-0.75248172852710615288 -0.49125870366135893086
+0.09901207855939753166 +0.44198423500248362750
-0.08084919296104375874 +0.30792890223641355973
+0.93973772374960140574 -0.25794212061186683194
+0.61663484737653795342 +0.03078276396858314889
+0.89956475329485474646 -0.32647260249421838907
+0.65935461454737631648 -0.70274662026559653327
+0.94953038516862631191 -0.70832437912848744688
+0.88042907106779022541 +0.90868519729944385865
+0.01399958864137307302 +0.18233214185945123553
+0.34796565167341708680 -0.47205698809677398842
+0.47321638557289191773 +0.90670160409341393759
-0.31404244408176040793 +0.73717339572928075597
+0.71450914870425141778 +0.39234972904959319884
-0.69480743194340099933 -0.17466062022697448342
-0.75767096903848418776 +0.08958911144836956275
-0.01844605475188809685 -0.26871814602065957622
-0.86075862672236791440 -0.77330486755874061622
+0.95312411097347449207 -0.58585278545355623514
+0.49977675938333243622 -0.03984011257070840806
-0.99523444552156781207 -0.43399180682663085484
+0.68146718729636157619 -0.93376870307505588364
-0.60165084935302259872 -0.43779822007192059630
-0.64819325805931882201 -0.24533305368812019509
+0.86417160215658750388 +0.61486674054901802045
+0.86023414859974134394 -0.18596583551170864368
+0.04246695667543698427 +0.74084357869592709633
+0.13291031167592137763 +0.91117824898261079447
+0.39875795870340047244 -0.72780331234543260699
+0.28975245449675646192 -0.37835371051913879725
+0.46321528985583992899 +0.12497050097794359935
-0.72147110943675807349 +0.58452481704834569065
-0.22994127459311730632 -0.59113905271408073716
-0.02122146258594237445 -0.21648706166721276567
+0.65062596027679697741 +0.32793563948246706730
+0.77435100292549918777 -0.52924051631001556295
+0.52783077642686060393 -0.87761503532937834571
-0.69345452494756765205 -0.71386401000366572767
-0.51977277940090993447 -0.63554275641515012296
+0.45210937445620702491 -0.82126474708200936092
+0.25115600385056580102 +0.61519463756612680072
+0.04880609306348104859 +0.97306045610109381805
+0.53020060031513582821 +0.26870697150009825727
+0.65525923189381862777 +0.34036094672538275141
-0.19283245886548705528 +0.68042603600806228492
-0.97219955977486538501 +0.41211456458710427064
+0.54818036921297608188 +0.13219329704703985939
-0.39988369635815357306 -0.17369251344645597612
+0.51235882921316888705 -0.52648984145635879806
+0.27284204181053217653 +0.01427179139288092813
+0.31393306168824075542 +0.79177195716885551136
+0.67630071514307021907 +0.19578841792242762665
+0.00116383876810810527 +0.75338842067916278467
-0.77317479560484825285 -0.08549260145350268125
+0.07417501523015745946 +0.43135126878890495128
-0.27514743328690083324 +0.43365684906755275208
+0.90614557920955385306 +0.65898270244259626871
-0.33560737867442846927 +0.54128215296948334334
-0.38101495643466409824 +0.59534254318425205987
+0.23598246325045635352 +0.90652925914341309088
+0.79351734170744814278 +0.39941755561365965832
+0.72175412407650818558 -0.57507755491697709616
-0.90810135345495823778 +0.93286074409316088740
-0.66544061668944376464 +0.80860354016581759140
-0.50395647042586633191 +0.38914581510376278217
+0.27668469866434319826 +0.20163346387918101854
-0.12631991748951088006 +0.70169176511309494515
-0.47517278311816757430 -0.82041312466159466155
-0.62438525666782429546 -0.61391097134529437618
-0.46040897292944227281 -0.86324071816499947651
+0.59484134444127123587 -0.95902341152348369313
+0.99339586378250332999 +0.39134663274735315142
+0.93399291620558355653 +0.69268245427440744422
-0.55571408243199749144 -0.05363194746930610712
-0.96204078843090101714 -0.56475134358820366920
+0.94609876616234456215 -0.23587556706397760919
+0.44794562453439734639 +0.59441107170773066493
-0.97643698299650916184 +0.17296590727157612477
-0.00189864923105043104 +0.06968745685231136910
+0.25410242849827002765 -0.83590032554433668643
+0.05757831866803209131 -0.99006131268549757429
-0.96122673411265946442 +0.77852159650516372658
-0.80616546460841176369 +0.34141707383995778535
-0.84827723046864589307 -0.66707982661501885602
+0.56515531109673466936 +0.22118066801439661972
-0.94023493899199417356 +0.93522533677496944016
-0.13293363269738822652 +0.30874674646608468720
+0.33402656689625298547 -0.39458162523043904812
-0.52299656091964186189 -0.73576687834578535785
-0.72925824103914260732 +0.03826300615171995823
-0.30611805177726236771 +0.19314122566103519851
+0.15267579068989789448 -0.59954427528025622252
+0.97040820640345604176 +0.55831335250162972272
-0.63746421921883444917 +0.00983957137943214377
+0.69956125088944198787 -0.33983353649618841530
-0.00543632588948650408 +0.05580178304068872386
+0.12082870314570648418 +0.42463791986421917102
-0.48984006516619249538 +0.54013937293444147514
+0.21583477223038527448 +0.50688506543764222378
-0.13135192669987616476 +0.20442604375978068454
+0.37102493159096106012 +0.93490966952555809577
+0.26942911684496295699 +0.40106024671297779705
-0.04509094304358085559 +0.16503542355381140005
-0.18794677843663198935 +0.28049102141544612898
-0.68537312414996987009 -0.56489114830172693082
+0.74162372575919865980 +0.25501070286116589436
-0.95098059644551113934 -0.23562267398222269676
-0.56718577209652143445 +0.69465219569773495323
+0.35755194641564869151 -0.90055323785784779922
-0.88739159600382211401 -0.52558722973273197532
+0.84330106201849264203 +0.89981137480096906600
+0.47441550780054186909 +0.93177723055200178948
+0.24801394557445988198 +0.68946679183664039137
+0.00177423215040928284 +0.23655079440815840464
+0.96606230680934968014 -0.48700192423766064387
+0.94859001361661388074 -0.79971072312636115598
-0.57297583529809670289 -0.10885885516183546606
-0.26147730597405782760 -0.82395482765171990103
+0.01273442898361976106 +0.01192996181872207906
+0.38930544239288411568 +0.81553119594273271176
+0.42231410377172795556 +0.90715977258398239336
-0.31939148098446956681 +0.97014453474669970490
-0.63503148453266766715 +0.93327007827961083741
+0.15952189148315909506 -0.47751955569947135416
+0.80805372903309247157 -0.92996527951207319518
+0.82087841289024443547 -0.64611617486537586963
+0.54021821969427197274 -0.44497788507221858190
-0.55353451491801797246 -0.22962400808361294047
+0.44109658444959332080 -0.63512697167814646804
+0.73884938305106162559 -0.45283264460507455240
-0.23344562939395863133 +0.81419625908653991964
-0.81224719921105892340 +0.22584233241476336929
-0.25571900905216238264 -0.92959441564694533788
+0.47328104672349291526 -0.98765824200588769877
-0.30097140777759379127 -0.59996276794093650331
-0.80642066839111836707 +0.80244382957871707163
-0.89123433519161210370 +0.23907383445492902396
+0.93209018817495770115 -0.23222633329490305343
+0.08150114070579506098 +0.54809123713765384167
+0.36815509844355220892 -0.41328127683975957041
-0.82202018865685788640 -0.01994717204607798777
-0.13501174224782008793 +0.37257757468439156590
-0.23705831935255772258 -0.52730571609981291559
+0.14728159494513914929 -0.38384512791892966277
+0.27553758626481572591 -0.90104906237875481700
+0.76398126243364683496 +0.74191768085021903012
-0.44842737742750315988 +0.79462352329071239687
+0.67228274118277253635 -0.93640527189359445970
-0.77444906236532284893 -0.99134657847668083974
+0.04923663533880451304 +0.91499034422865621607
+0.37513179980497168842 +0.07318988976172469130
+0.53027680146671363204 +0.94348118289337601361
+0.76017971279392759776 +0.98599433938109948272
-0.54612791920878778207 +0.44942452793024534330
+0.78644885733305636144 +0.55584158613096290580
-0.86297224262227834046 -0.09104848166615897576
+0.49965123438279546164 +0.82102902174608938246
-0.93169900935017069266 +0.64038566556829779053
-0.96371327594902211899 +0.32406538354728930962
+0.10033494506532658619 -0.45754010494493857486
+0.62765186148198859328 -0.97290094935893112194
-0.83802600891758260993 -0.99267500445560785671
+0.27136989833397406890 +0.08920216142634740386
+0.60451407992208738840 -0.86031690128640980753
-0.52569461931998406889 +0.42111934933942962722
-0.85720510848580744323 +0.54836682131304415044
+0.31771726199923344680 +0.81827966060427392847
-0.43903459231749586422 +0.21080726904233038077
-0.29849534150423551182 -0.03561050731346138143
-0.24630410426125792789 +0.00447660041066888503
+0.53183076176875432317 +0.44699234282880961899
-0.68332727015841099316 -0.67793979630235834399
-0.53331958887888375465 -0.00789093851519795386
+0.31504345501407482466 -0.75563674205282072016
-0.96585030719674658251 +0.44773839998929165773
+0.38800838594565800754 +0.52036962500218808536
+0.65040426894848923922 -0.24299415669873480894
+0.23515541834498643325 +0.51573815189979788087
+0.50350955712285805355 -0.68318508524252030689
-0.13152032882313746676 -0.96823829559382978971
-0.89336843201483384647 +0.35289655047402268551
-0.79234149837063672095 -0.00406903426048743633
-0.45895272433051537142 -0.66338700220426516374
+0.60136686817399431781 -0.81867280381276952284
-0.05681099487322582853 +0.45807227753676094117
+0.72857404318101282037 +0.17710453460704123074
+0.81048817912970316790 +0.81979741511776982321
+0.68138026445735189185 -0.46899947803865527085
-0.77808347998895532882 +0.32856716861124191098
+0.57722260597921093428 +0.39235943733544731415
+0.86558278310254732624 -0.55532533673817097153
+0.24319948227168652899 -0.09072152587969517512
+0.68020810082699090238 -0.67940660614603842760
+0.71018331618013319506 +0.94690130721655751955
-0.67412269872207675192 +0.47383785784994780776
+0.88030855717809486372 +0.51060655706199531423
+0.62646682396490427358 -0.70292505966335494527
-0.11794202970999645430 +0.90757919153191535244
-0.66651067678302000630 +0.26862629762430434432
+0.74710484459491732778 +0.28617405471356827107
+0.35959680893360457254 +0.24314215386720849921
+0.82095742315778141851 +0.54546558427492897181
-0.81989340907593200036 -0.35503476427418911854
-0.87309958455397596033 -0.54968599885700841767
+0.70229795371508485502 +0.00421566017020280626
-0.65497430987774696298 +0.84016102968055106359
+0.17749047583383203985 +0.61476403342828511711
+0.96784294422174754757 +0.78631141314571362244
+0.56204609299605801098 +0.15164547425329599761
+0.33851458349867602493 +0.69313270241357205492
-0.69334033958854379698 +0.32783918901360831200
-0.61382313252068332332 +0.04959780470003471997
+0.97690436952666193093 +0.65171924434790828862
-0.60645180849327373629 -0.11844323123310429580
+0.25971661953131164324 +0.41907441678270873631
-0.29462695787104253853 -0.59167727864501351576
-0.66677650627637108371 +0.05549071939033645151
+0.70839367901052474608 +0.12952137587149348263
+0.16088033693584313788 +0.84518301444648580301
-0.11992401705042521343 -0.49099201162455385905
-0.49613616132418592031 -0.78857150285716826055
+0.14214938765733875492 -0.14205902874531828317
-0.89813478406642932583 +0.03139790051366642132
-0.98327694973831425429 +0.01130586729872051777
-0.58090611398654856679 -0.46705668656557763896
+0.66316714221261885420 +0.86454848899736069789
-0.56075926664791175824 +0.94566107637880847392
-0.54899031179514534706 -0.58993518317687199115
-0.28600243906498334923 -0.14828201015900366322
+0.12195234788309639029 -0.28839395295131753372
+0.45231650926864253037 +0.35494213927395623642
+0.43850454182128051350 +0.33102495574922397026
-0.30536340976243114831 +0.47179661300557418357
-0.34191289263987290070 +0.30782272519634679142
+0.02555161814838458056 -0.28245021634170797142
+0.47723272503324087879 +0.69481001705653500089
+0.26816772634098096084 -0.17817864868912924869
-0.90274135642131914103 +0.72498624127668120920
-0.48703060661042152368 +0.63379545779043522380
-0.04492619301741318516 -0.75788982573635244044
-0.11012479331133384619 -0.86388904182243053675
-0.32875280849643639947 -0.31895784161301121706
+0.71031547494841840162 +0.56846955495661033453
+0.51922890926947018464 -0.62037183710196042163
+0.37142283840303447207 -0.93914433638587313524
-0.25039985744639547960 -0.74429367232186538494
-0.50686750530862512143 -0.64710267571427038114
-0.46700670943905309151 -0.25896610221826699139
+0.81955184000503478181 -0.58376826612797261262
-0.62000925475274670795 -0.05183195517794847440
-0.09364134388677514131 +0.30068649299170835398
-0.62143904749802603149 -0.44317743422316735469
+0.75153208318995901038 +0.12703075223437054753
-0.45377085158487506789 +0.13469922068809103699
+0.87813732552006906751 -0.73768176367120830150
-0.23008640509126698781 -0.36216978834396451603
+0.57021776297178949910 +0.78109775622051746957
+0.35908928543432061531 -0.81338472930967120611
-0.50904760343749888563 -0.76706340788550697596
+0.86307940942575900323 +0.52034954501393770876
-0.73287344055647496432 -0.90360568156776843729
+0.67251352145782550274 -0.35425244437568337297
-0.26879629591916476272 +0.82417570782270765939
+0.99486698771057424651 -0.91752563297208511450
-0.89199127277869116881 -0.87319250279894200517
-0.38678295072283885858 +0.58857617024291597474
+0.49489096656604836255 -0.87242917745717663003
-0.78981373010751543262 -0.04947142661867420799
-0.52976265670367128635 -0.23915973915734034527
+0.70413840555383422348 -0.70292237802521406742
+0.10275745472745767550 -0.49900813368788132784
-0.30273634500458190821 -0.69843240463922628969
-0.54234287117472579354 +0.85381229734353314420
+0.40750640772693125236 -0.03626429999973934670
-0.25358771250427758481 -0.02800528534152424420
-0.87564532341213641153 -0.56133060382419830425
+0.54693946446873886735 +0.97254638214311994737
-0.90578033278171976583 -0.15350409234553685778
+0.94725787016467255519 +0.94775555345004702801
+0.05352791366530951223 +0.07565180666408721777
+0.18995429364392091287 +0.81409454393493962954
+0.22096512759262232350 +0.09646899098801298145
+0.91779434057976194694 -0.73902822135557078020
-0.34203917416137863405 -0.76685807473044942384
-0.02446817153209290829 -0.70686953483256242947
+0.45897401877483789967 +0.63471219492690100772
+0.41424290724960854959 +0.77946940213505433448
-0.80549716067692833654 -0.84443503612754189369
-0.47915490304905317132 -0.54813943626600369896
+0.73824509586089770430 -0.12802688253663885298
-0.25184431308868293620 +0.61918448579438778445
+0.06962396454936281565 -0.30197696471462109891
-0.68754058624110303555 -0.19877281239770794308
+0.58955963949244472033 +0.73816197958449425442
-0.27422528375749677387 +0.84467403388332829017
+0.71041258696768694314 +0.58049681226849880744
+0.60931611281421993453 +0.01531044612505727542
-0.63753407383622184845 -0.24947085827153037130
+0.37457242623634634526 -0.77162112961180495674
+0.35204299719394382961 -0.29104324479289922500
+0.17428304527443705396 -0.53091011470929627691
-0.25429603746058559999 -0.05358632313721667373
-0.33672206625314049511 -0.77409447119427809980
+0.22925657025163737046 -0.20055214384372943570
-0.50798074112311786266 -0.79351370346970928615
-0.10948856918159322049 -0.49032843483113430771
+0.98385716876629714100 +0.58385850925289539681
+0.59740991884794270028 -0.90680573082887128145
+0.88713619923259168232 +0.72103346373564436433
-0.29475452347540187503 -0.19090683158967602928
+0.20749591780760301418 -0.65695880066189027424
+0.19416437162787292259 +0.88935611040069662003
-0.98139962714803541388 -0.71313944286933650396
+0.98417713575056264830 +0.89030146241927865525
+0.50186208693051970187 +0.61807575023306715600
-0.87413250640699757810 -0.60599054484906011986
-0.80604931892976772190 -0.40992358297242104115
+0.62216691206802599012 -0.39440884076373117217
-0.32812111292178802735 -0.21435892228209385557
-0.53396748065670296413 +0.47396482316745003338
-0.19243269025688314322 -0.48038867314384314788
+0.69596556353785676841 +0.36869817215619438144
+0.98976443570789807147 -0.03835624208716970074
-0.51630937140584487466 +0.40064341523321855831
-0.26053717731246717193 -0.92286071167759176070
+0.74901321592416314488 -0.15632174116145725051
+0.23846970609872220059 -0.70882430646079064296
-0.92122602244275131333 +0.16467736452858727780
+0.99174381930886612579 -0.69589521225508788049
+0.02556700345710005706 +0.37543645817308468615
+0.78527458750024115020 -0.07442209927733056674
+0.47246840360810615778 -0.20657574553834368025
+0.69089886734049676953 +0.44050521341541548637
-0.91322210821820193338 -0.90692630150813435819
+0.86064591581990135261 +0.59654788520972545918
+0.29730609295205656650 -0.43485064392523797849
-0.60114836492997469897 +0.71829696977869983421
+0.18841873206050907541 -0.99605132902348292312
+0.77039872497222816605 -0.96930840606362100864
-0.69825860186132326923 +0.03326558201394913539
+0.47539609359028922597 +0.25883684969585152302
+0.36459726651099400030 -0.16189706867155795322
+0.18676100529595185407 +0.49045342885431653102
-0.45571064307570452456 +0.11079010355546214939
-0.28634179996205122443 +0.64032832119059479581
-0.67582500006687062921 +0.10030472501797671470
-0.17231294599302682258 -0.03712169073624660420
+0.92498947287483690438 -0.43549217476185098086
+0.15566893224184230604 +0.30903519274576152220
+0.65622427704687069649 +0.12215075762818616845
-0.43481196837677238420 +0.55869796648088776436
-0.45110352983018242590 -0.00298243291988886661
+0.29359857299103286898 +0.36869102239698281487
+0.86207115348556051515 +0.32531509543198255940
+0.37806077855504582885 -0.48573440831092251635
-0.69262021313164057190 -0.41266724013705502472
-0.63178138999490363048 -0.88985159869197194560
+0.72310286548147129082 +0.71752860139084129187
-0.99044742067093394233 -0.63984830490367539113
-0.09277308631928193883 -0.48709931337398915119
+0.82464544305022347004 +0.91331329271401417991
+0.57639321716106417526 +0.29451043076893146377
+0.65006914856487196808 +0.77334467728626354877
+0.56958221395130248510 -0.15798009617230435175
-0.64932422174726145414 +0.36514102562779027217
-0.19332514447163662297 -0.04981386055201375562
+0.88585402854149886132 +0.75101779500499787900
+0.17301189849182696534 -0.01703397179122934091
+0.76400644898016922824 -0.62009391619015530317
+0.07948527594925658413 -0.28132551558112717238
+0.27654317616187351625 -0.00050955489178106106
-0.88358894687410316493 -0.52787787835782085111
-0.02434981893386822804 +0.36021539438046512593
-0.96586791745495470529 -0.83068766547411887480
-0.77213510645015870359 +0.40576375684798882126
-0.52969913799245071928 +0.45331509665125557795
-0.20313015776044474059 -0.37324562507428060698
-0.28183726468529846088 -0.24399834057434777179
-0.43987083379298241859 +0.35679955661882578610
+0.64492277509415396608 -0.59528343075159528830
-0.76427585196141212265 +0.55985718697627406826
+0.20065616468377367454 -0.43285463129406931415
+0.04712173929066398870 -0.85611169055554370289
+0.24397357232099414759 -0.43319593381991294834
+0.90335726646712211085 +0.18341458572043101150
-0.35913474442210313597 -0.02618999115924891541
+0.98562245579646390325 +0.21655160513278959300
+0.50281030308715179977 +0.48450414936058194826
+0.93245536389804617450 +0.13884022662671546833
-0.96451369495241445762 +0.56682842999595295375
-0.07217614354312473779 +0.29351685906119140412
+0.21266692626341043848 -0.34193856016134493991
+0.83439392993419603251 -0.11282995545678820015
+0.84383966370182350580 -0.96923262755285244374
+0.91909785490305706546 +0.36083791229236616971
-0.72232192013798446339 -0.95328916444315692225
+0.17431518075910479304 -0.01485612819435933041
-0.73214066528318566540 -0.21641701573530314207
-0.76664443654402103512 -0.24331124426205930078
+0.35998545935658432526 -0.31156089956072463565
-0.05180156784140299564 +0.30533450602554723652
+0.90600099696303026953 -0.98082172621030672133
+0.79626836560233371642 -0.90598691308177570214
+0.59811162374420634436 +0.29210236494170693788
-0.75836747609768839773 +0.31349274735318743978
-0.73403313607930509299 -0.77466940931084860011
+0.29614993059360816829 +0.84102252874784277914
-0.60435528712015051944 -0.17546807187909885251
-0.49375557976143458205 -0.81170912544639550745
+0.85289767557868878534 -0.71042180409846356071
+0.13808991336007703232 +0.84757713939566747818
-0.06296377291579524638 -0.72526389395953816397
-0.59378732215770058112 +0.42199845571542748957
-0.90448133051577461750 -0.88904726733857852849
-0.56080331910017444663 -0.01690920484561697634
+0.52550309049703347597 -0.60694322704496328491
+0.77988549262595174838 -0.60525541637623225810
+0.95819168695495049448 -0.55609597337342986378
-0.15986923162750921179 +0.54755515625244233213
+0.76066070283541020736 -0.80541215627492768192
-0.63989556255346791147 -0.99731756502629798078
-0.91582184782147657565 -0.56887220834216578602
+0.44105798099361237519 +0.63339740941305766597
-0.07821112487312009698 +0.18350416152155646365
+0.63650319037194069693 +0.69539384125865488784
-0.21738323144137061682 -0.30030339479534595704
+0.33663626684444936110 +0.91724517887041301378
-0.50919545331819260348 -0.51075124806542926414
-0.46952503878257623171 +0.62635200514352673551
+0.07555794654994762993 -0.26869532967642362209
+0.88719535983378294830 -0.92941368708785754293
+0.30348312119282105925 +0.03305332109817893382
+0.24977846290009542152 +0.93331127063775598529
+0.37771827105349231601 +0.42652622445201360257
+0.65888321104819080887 +0.06840563251067521833
-0.87799792776027740793 -0.50993397746601365483
-0.73878873011419643468 -0.57649984663116859984
+0.28165546899120341706 -0.49502160905707159877
-0.18805469367314087137 +0.52527111066962683950
-0.36565609620494265997 +0.56283825506891527191
-0.55308179716414751503 -0.30151573245114371424
+0.68664171510925831043 +0.08173272831723377152
-0.29779183568255573888 -0.31477279563314874977
+0.83143542269892645180 +0.13786144380261133868
+0.07669450062624094677 -0.95018415435306091688
-0.92913284751913560733 +0.12294652805758365943
-0.01169069087074880997 -0.34946992560284373397
+0.72191152316968798530 -0.18534238545024073197
-0.77490347894666267159 -0.29986723418867144986
-0.01413407647390774180 +0.99761666315368779934
-0.29570302098645795397 +0.59508126466814603717
-0.32518758143345771749 +0.40811953230763964307
+0.50306847200188498093 +0.88814487297112010289
-0.55495000386303794393 -0.75659346637960789295
+0.43106614968662060328 +0.62787893918900516965
-0.12016494493592033699 -0.03509644513639020857
-0.16488030964619992957 +0.41114512578307849111
+0.41894049185459536488 -0.32010307269922910756
+0.46955287605434170572 +0.64066193280080807604
+0.02147740043694579271 -0.79302214916688584800
-0.94265074886496313944 -0.33369141991421935600
+0.18688712860187384202 -0.45389486900310460626
+0.90293381674046013785 +0.52481612244677533496
-0.73131884106519939870 +0.96134937900511929776
+0.82937709325486985712 -0.33956631143614113277
-0.08429245717287203732 -0.30422817841676286221
+0.01156547100156246621 -0.83034690265519528474
+0.67779568561391156933 -0.48627094577253227037
-0.37544324846890342329 +0.61055100798636918746
+0.85962947217275065270 +0.27097438242536453501
+0.22512190267480303163 +0.87184452652024901909
+0.72687118546814222242 -0.67784093941875678269
+0.17268149817379319089 -0.58627039898814792274
+0.39073310641590053294 +0.27796018002178057849
-0.77720209411064988814 -0.12058764178324166139
+0.94449183980889972467 +0.32156237796114051086
+0.49924555124847280752 -0.40623740649280293269
-0.08311876084483893479 +0.40351241613980204370
+0.01507833562631177848 +0.77754924469901554041
+0.06936642641184875835 -0.34602542220648402349
+0.55014256984835174791 +0.75611748838508607840
-0.36435542362399164773 +0.84606286671583874615
-0.55552076533731242769 -0.77674171044761486371
-0.01999518567059266339 -0.74110544508116649176
-0.77768522228850156530 -0.15393379315623501036
-0.13792211182026448135 -0.96181978261384171169
+0.89353494753901974157 -0.95532715796828271415
-0.62517928527625499235 -0.71570919112544584273
+0.05834155748416258724 -0.89467657836039893304
-0.61856928941671318611 -0.42792156123459479389
-0.09014954329516711162 -0.52385817983614768600
-0.91986914865396829377 -0.50181613539828417991
-0.90039180289343367924 +0.77153414645796103422
-0.58576239343378011526 +0.44421164268503554595
-0.53000982328315693337 -0.04805058514754967369
+0.76630910143443609073 +0.22241112310322219692
+0.24728589338405226883 +0.80886167633406547139
+0.54957817527727970131 -0.10274227564018145742
-0.70741639189970961787 -0.45364925050710391830
+0.75045733163058536697 +0.07090952013239126828
+0.36747155240982665170 -0.05509362566542153061
+0.80674408963895327673 -0.27990933457419098218
+0.48532352089537078577 -0.31323877158687563060
+0.66005904920043056983 +0.87309619055320442094
+0.06416054426418127399 -0.71993737920796641028
+0.75417916489108138833 +0.82484587719884405743
+0.30966155094106162515 +0.00084952944390082052
-0.70755566263124691773 -0.22478374733180328526
+0.73712892521948969460 +0.77014900867698643516
+0.43613542848251141137 -0.27145474579353146005
+0.77814109600659198129 +0.26260976802696056609
+0.25817439010022558143 +0.80520410183609070209
+0.89291975549974123005 +0.56170743310794901682
+0.42797352680245404066 -0.29366575510332948440
+0.27205978961648247250 +0.87647869783694964951
-0.67401022806293098277 -0.53039915822361582975
-0.11474537137001861176 -0.45189387476853637438
+0.34619145935411044235 -0.29199094296234817669
+0.60584222289679212636 +0.72490568327949533867
+0.09501806876002327762 +0.74734115325459038459
-0.62159758784589325131 +0.57351618806346849055
+0.45294098501271884416 -0.67705052922208741606
-0.24151451392068445934 +0.69979841155550404075
+0.12893034531512004293 +0.37201612693385976982
-0.44106424303173774604 -0.28335369570917978699
+0.13153892584045689951 +0.39502720765317911322
-0.60100904379345254647 -0.52079032143306158709
+0.59880809217232511266 -0.41329213794819730232
+0.83556044618015734571 +0.23213965484168164188
+0.06017095880270950659 +0.23406649625911879475
-0.84298692789414175763 +0.55212657291039746177
-0.12495685932931221984 +0.31998362472752961416
+0.65393210911658328222 -0.29386771646377662925
+0.68001797735360125507 +0.55007970458632438060
-0.85643667578777549210 +0.83955768431974631127
-0.06482985009973596391 -0.98329422833106217006
-0.08970929368558433481 +0.09047273039787451232
+0.87736642353036797815 +0.77972179995303725342
+0.03232045966906582635 -0.92915694677707638682
-0.57626830525039451913 +0.45477029846671679358
+0.30860554380320825985 +0.93371970099214629535
+0.92859544141244421134 -0.41239855156630600419
-0.60495269178326038784 -0.88486009219535821657
+0.20347334973061381724 +0.28854447823741202761
-0.68401515509143218097 -0.44570412832425043703
-0.09937564498362561061 +0.92789397602262724263
+0.43407938834375947579 +0.95576023854066649577
+0.20999369628601005644 +0.78612485966424827666
+0.03441771946132288207 +0.13470320269894164866
-0.80786629459988001933 -0.50632294843492564596
-0.25380996823419210706 +0.96214768502756831126
-0.25453928583999507751 +0.85000696819536036841
-0.37355587493509356811 -0.26647067744856012261
+0.09503938033832781684 +0.84040577581095732285
-0.09545734146089768224 -0.51289080626643634986
+0.25313446327940836156 -0.99500919830526557419
-0.01726056712781121050 -0.51818627344616752239
-0.42191301527226077184 -0.93824319738980488381
-0.92914889665657107720 +0.09998737138953872616
-0.38510591456998044535 -0.49780750147994567989
-0.29198089497436519046 +0.02006894670228387412
+0.21889996430538882777 +0.49391482915632911599
+0.35617539559918354186 +0.83566761144098555825
+0.07272994795615894681 +0.26676817598802760045
+0.29894881916575344327 -0.51478932485233963590
+0.62450141762938593537 -0.86446701764625677455
+0.50499595004033448475 -0.58071214435826390421
-0.41219959451813115159 -0.96626860625675181637
+0.77776070004819830572 +0.58073958651466295322
-0.65257337380606350585 -0.02659941349134387067
-0.87381724019719997365 -0.00805481943196473260
+0.50921306700056589989 -0.22643735498016392960
+0.07113954820486267927 +0.95763521767728931877
+0.74272718428005224389 +0.45999538795011218895
+0.51202818780529790743 -0.18537780217998500731
+0.91068601073206867369 +0.18161786278536506956
-0.14061343913730173227 +0.15190118361521398604
-0.61743933902216707743 -0.53146060874502865090
+0.79347920277412709034 -0.13846552396490530157
+0.31558053029106059029 -0.23849099726742495342
-0.16303844662730626602 -0.62800491007795256060
+0.93534436217903160760 +0.73538958498711015643
-0.80447592564583558783 -0.09503938102421072287
-0.38304609277096446363 -0.01698768047846765938
-0.24420246758572572432 -0.32379629370874196681
-0.40503572157875189497 +0.97347261340439561472
+0.39459431403051858922 -0.71376540687043998901
-0.42409376646747665163 -0.52845987456544851746
-0.94285478475862372072 +0.84602332856804118855
-0.21552309904666411278 -0.02447382544802700899
-0.84770267371366414544 -0.14984848763316827025
+0.98236061690046483363 -0.91877892911209557703
-0.07012443645398502845 -0.91606687038472323081
+0.73881473390738894302 -0.38845915616802328962
+0.07972500393929182749 +0.99311502881880753257
-0.55331680584210674034 -0.75385956286329292020
+0.61497643715900141004 +0.01061749472999262700
+0.08635067055042089379 -0.96361867331855677321
+0.82061706352306185153 -0.67851821280797808278
+0.85646954676177755594 +0.81119050239527590307
+0.94648826024264498535 +0.35226089760808143581
-0.51637964878299214000 -0.77808772306563156462
+0.13782132329245766478 -0.25512853086801112745
+0.80642156979560963848 +0.30089902360419817917
-0.45501510369646447351 +0.38283569982845166990
+0.80239028958752256493 -0.30070794788311849821
-0.34979293237595632249 -0.99423125932279954320
-0.04626784726857735563 +0.62749970277155608933
-0.41805951539535279871 -0.86069860153052579754
-0.58450919579723237263 -0.56471461614395734863
-0.07444127030088565355 -0.03054546191179907666
+0.56288879903387578629 -0.17374048648493700675
-0.53071576974642376001 +0.17740587384129269388
-0.71152610759485446223 +0.02042634777673235646
+0.06448567822680728590 -0.46639079889936008172
-0.66130407440361249627 +0.87664606435596281742
+0.31630519088265107719 -0.67825478296050190075
-0.78082316733509227191 -0.29285949823002299652
+0.32143719400844705802 -0.56215976832127934060
+0.47113170234017687221 +0.28791167031878917015
-0.41898197572438000691 -0.97956074878908561132
+0.68436591350678166457 +0.67706465967046325360
-0.73613055617428102551 -0.08604005617631838021
-0.86382295352129090382 -0.77476712151393867245
+0.05877694216081708056 -0.64257652956534849764
+0.67967502671633650557 -0.16700285239028578310
+0.31572771049317860381 +0.12392522723135757090
-0.01378181377494724913 +0.35007649609380031563
-0.89496422523502272561 -0.22497009750911955983
+0.92990675889184037928 +0.02069674561935297419
+0.72054203679811990035 -0.22401855259664871234
+0.46475506526781318328 +0.04633829138461753594
+0.96175012808585447210 -0.07684777734279779615
-0.46812979042758517956 -0.80923626887704136479
+0.65492257107070006583 +0.86219240305656463796
-0.03835684381637527451 +0.74865514252666320871
-0.06355611072460898292 +0.42620577144615268139
+0.75450973386447328650 +0.03285495413952710386
-0.32347485183362989503 +0.65918810160525831421
+0.68599181293920574731 +0.24580250176221474234
+0.07125677650968453847 +0.86184827817543019357
-0.71106156348921656374 +0.80035139150182077472
+0.38373151468884225679 -0.50844206269439506940
-0.13330953499354092351 +0.10325304890094910704
+0.76049808577043442881 -0.16627306600712277174
-0.23137856734869366448 -0.38549245537979270892
-0.65057554858602051340 -0.35252584037413181584
+0.18422180689010114740 -0.57246210797972962858
+0.20963975304214521600 -0.85169334896903436949
-0.80495948134521433381 +0.62236918043780309340
+0.98253769050064465596 +0.28632662630413063809
-0.49857668002500066251 +0.06541911124745714012
+0.59422306599513974312 -0.84116744243201591047
-0.48941365230604017000 -0.77937668943386428921
+0.77795193829370856697 +0.34433689413277113189
+0.34990496529884684840 +0.32449334165984899947
+0.90736525186869321224 -0.62766633286212236698
-0.07867828818072908348 -0.92123987844137733561
+0.61678835553517341594 +0.58190765319065174133
-0.89293994643572327519 -0.65392750302374436089
-0.83948232953946599899 -0.42902288240103736427
-0.76805439486879945044 -0.60316355723938497313
+0.61924919524589117081 +0.31335397295860589750
-0.64420420972071679167 +0.35647037247499557822
-0.83278920568296843641 -0.42653853098341354411
+0.27266311186968072988 -0.63589174963744166114
-0.62657842176413258706 +0.24098914251124425867
+0.35275179511107035424 -0.52490284150940702546
+0.90246077046650952092 -0.67471098592171707686
-0.74635130637243052298 +0.05629908399993976964
+0.69349959429073959605 +0.83536428956080377439
+0.63993191661592585540 +0.87230252187282908416
+0.52219445169299838483 -0.21745516588109015110
-0.12725656592800094202 +0.85261537427106537379
-0.49438789678956829299 -0.04273978537319078619
+0.16758898418415624221 -0.43126285483303239410
+0.46559143362234278740 +0.05849476147541277093
-0.65517858434628406528 -0.54812285927248050044
-0.55587343050054816018 -0.74600472795249750391
+0.99533691742231655830 -0.81623278385991238082
+0.76576766690611264288 -0.53777022336028079685
+0.73314252741066066044 +0.76141415557731173536
-0.02724214811255132318 +0.00397035674142398598
+0.73430424150986950416 +0.26336533388966110181
-0.00748657392129814525 +0.52428707336310220732
-0.82091709510488097834 +0.46778464347987913641
+0.89399506141673912296 +0.36466095447624069514
-0.89559542686431159453 -0.09870247193750469883
-0.87878822230793218750 -0.98887632865453412023
-0.97042534666772883867 +0.51385384932760147514
-0.89461159507160314952 +0.37123203770511681299
-0.10151235387217139028 -0.18148657779078125607
+0.63433277752486438850 +0.35678064741131643167
+0.28400453803820480125 -0.00869414708726079510
-0.29354772189973243890 +0.56208855450426575828
+0.98447034864666971288 +0.78316921438805997546
-0.74794816272350339581 +0.71688011275381358089
+0.40954974956819434340 -0.42449481441035530338
-0.31714474607769416181 -0.76839006711134860694
-0.14294377650208489605 -0.41583346242610441656
-0.07092606023744396637 +0.75569364507422731592
+0.74986653535359848455 +0.31382066408841668981
+0.52665939705519582148 +0.23476812160840010435
+0.25661446166435109006 -0.42275704775030353844
-0.18630416292121987354 -0.02229723170197894788
-0.18067552160766520153 +0.28956772388952511932
-0.37114804027127745734 -0.90941762412171112118
+0.73585530038385993379 -0.60722399133143434291
-0.21320815762662670423 -0.07482161435495937596
+0.47033881708888847228 +0.92829480383919982245
-0.71393218597968011174 -0.55196431723246708323
+0.37225017435448948255 +0.46479142328186662247
+0.63279293336504616185 +0.15550570352124148954
-0.76930459383418714481 +0.26416024701143059339
+0.89775526760375035096 -0.35399170223376685840
-0.33969787105518700621 +0.02066427870025910885
-0.68099026130835449422 -0.74194179584624930790
+0.45256862252557783499 -0.17005965759706564988
+0.48202497531599219904 +0.47491838506817329879
-0.36601286911945307700 +0.26744354694435501507
+0.53749520766237490754 -0.17386541458230908574
+0.64112375887901218441 +0.24006357696946589719
+0.58471000600446076945 -0.49112896134386407887
+0.24899862438679321031 -0.74361586325788620044
-0.64300432267035168010 -0.68944906731591415472
-0.90249117054700422891 -0.81537866391686808498
-0.96135682410134015718 +0.03973504092751545258
-0.53452867844752161020 -0.42849693304794533866
+0.40461983543227475479 +0.56626376086574436997
-0.19989958516397710042 +0.59496211386584785252
+0.49984283899327985878 -0.64409846872357179315
+0.96708468043684825410 +0.60949302889038858844
+0.49868801381450644783 -0.02597693645211451852
+0.90912556839895830585 -0.20098335348793661126
-0.25484531239702579164 -0.43572140421608618333
+0.46834084401113451612 -0.87029795572496215783
-0.99548340572719773434 +0.14827923673272169758
+0.64951469630685232381 -0.82132926142648221557
+0.07837746626652797310 +0.88951655408420893245
-0.30917452518940424788 -0.80537901549375456867
+0.82027874319236837586 +0.24531275086803328023
-0.07427440118911143863 -0.32258675365335665042
-0.05367525039378628904 +0.85568524501224008105
+0.57871034442494106997 -0.95426248357588061566
-0.47518297891807348421 +0.00107916305515010080
-0.16042967371839900181 -0.45783899104659719903
+0.72297755436276833763 -0.81937111300698206584
+0.25667182222261142321 +0.68875192022970832539
-0.26254612964072698844 +0.89320389103544539644
+0.97894520113692173879 -0.92698183923735766321
+0.68433898709571683305 +0.52601188761730699461
+0.65227293904429473059 +0.31258885322457441447
-0.78977643713328360420 +0.13853900311274913726
-0.21576039533634605583 +0.20612949924826140524
-0.23371523606913902071 -0.56408234670698176316
+0.15253690743255932105 +0.82669954361641728724
+0.49607657197989007969 -0.58673531271473255977
+0.11335367923551187275 -0.81025754727813970035
-0.49961417634773486185 +0.56360335583576337548
-0.61633530962028082456 +0.84127911594235715853
-0.04446794229664052800 +0.76436917085937872152
+0.41518730403621484371 -0.76466379631193759359
+0.70892839679785679685 +0.01394362835521856248
+0.68820346190989889479 -0.77125846661045138752
-0.23650999460837440758 -0.76725189596043752438
-0.28573878766595495193 -0.07335848023659430339
-0.80938491156653036285 +0.14694779107661459783
+0.07252539056408480178 +0.30217393607105047515
+0.23005361048953121283 -0.18088181977986761417
+0.62966020464942640267 -0.01142336539208543833
+0.89824506523488434340 -0.28047902998491291982
-0.63785438063746502380 +0.88567060540595088369
-0.83381765133808016799 +0.07623143715174585111
-0.27042087069703857338 -0.44118612401837720149
+0.96099898063758470990 +0.87604115008262195552
+0.72002226924392820351 -0.13219277270566309745
-0.82928334312743401391 +0.16186850280516762446
+0.56318931099089741821 -0.17538676694931898403
+0.62882673104286812560 -0.30897486898551251855
-0.93353455483638070334 +0.92607562761213779723
-0.27045696396781271353 -0.99392551036723864044
+0.77265774071963777558 +0.46427342045523944947
-0.41926950960336872853 +0.19133445047571839837
-0.73264225357583323550 -0.00444077937062181682
-0.51012035022596635692 -0.36508363462201609551
-0.27998444538632760725 +0.72497708597471754999
-0.59532420426222376619 -0.62706699132121612728
-0.37716630524902172716 +0.57316172742216520142
+0.73171187435707540914 +0.00629077827835100578
+0.45616329709984837493 -0.64524066193187357143
-0.98464980082399100603 -0.73588892212426326722
-0.54333846287819431708 -0.92648678326859346122
+0.40433453036275790460 -0.09586803599551352306
+0.26292197256906990610 -0.29382364938779459429
-0.13257933714915992596 +0.73682115571898521011
-0.20220153949521368908 +0.59508967984420224617
-0.67256178883693640280 -0.81823113487981924408
-0.13873705135387259801 -0.00850487316652026593
-0.27700483206822834603 -0.51105370110845060871
-0.21936043458907783510 +0.79680558299672310518
-0.48517867009434700876 +0.69262843294127196536
