-0.87585957105122158595 +1.07432066693899930243
+0.09111692621687850213 -0.21505991438211213840
-0.17940476609405497932 +0.05553745810584231890
-0.29537611084441084408 +1.67752189165353660094
+1.20564214117688028871 +1.07873078981743275584
+0.07214454065880970823 +0.40667977659139742386
+0.14156750127836925657 -1.18001821861457445451
-0.63631293905721020288 -0.87939062437194048805
-0.00775376084209100647 +0.49821594478643360659
-0.42387653161214178255 +1.56319921050482890656
+0.99440111561682731356 -1.50888353570904998335
-0.29852849683313742446 +0.13034070059738178671
-0.61962288902336970509 +1.30400070092998410232
+1.05758576762445088981 -1.12046722906174789358
-0.36003626098308516568 +0.39117706757041048604
+0.94502770828713256179 +0.55280961445164722434
-0.68958297567126081162 -0.84248303548598668655
-0.77267625529128969308 +0.11511342174820458906
-1.89490785667753125487 -1.25120985794821759640
-1.53570511596688885625 +0.70678230708305411767
-0.51227916624734148865 -0.23987067124674962826
+1.16525331955143762741 -0.27718108022133053359
-1.06080548945717612064 +1.49843004204159413462
+0.54526184415556366858 -1.13543725441787857200
-0.21174741099761307250 -0.90972113005065380342
+0.30730947142480524725 +1.34351353634069425880
-0.23594118287626841823 -0.04449696839506959989
-0.28362393824395720765 -1.33219778857097992386
+1.09479355896969421380 +0.46515221623295555098
-0.08406269519113053479 +0.29628684091035595305
-0.13849798327606957504 +0.80262072578570564652
+0.63843400765159252774 -0.99480131441930419456
+0.74202874505827876028 -1.18440103420906783782
+0.13408491380153253481 +1.13946750092141479982
+1.43906625340396576718 -0.80417511744139869023
+0.06450168271597811476 -0.22599131080320367104
-0.41830272841945892459 +0.24361373180605405686
-1.30253678176117237975 -0.01890555234335478119
-0.08389434384225302743 +0.68984149485741985686
+1.52966754867185139588 +1.86622533549977331901
+1.16761107966402266634 +0.36233844074593601903
-0.58078079333904031323 -0.69902665656322793275
+1.59588519343772095027 +0.38209000716242824680
+0.45616967663551788448 -0.34199860037658291745
+0.40107392309111267181 -0.82527475093384694560
+0.74956054518611026083 -0.35269572421216088820
-0.32466490772229428252 +1.21398308408714794560
-1.13189854559666658318 -1.48542145342574993805
-0.88411329944770744582 +0.62622714845177451792
-0.88935060941263865963 +0.95581239891526548202
-0.09125941790438329981 -0.84079708247674678212
-0.05320315446161949513 -0.58268837690928765305
+0.35075343354527283024 +0.24830617441805019618
+0.42474061545613539526 +0.80583623041799823383
+1.24158733569205037561 +0.05431594283799751066
+0.04929353744243234609 +0.01185850815833851789
+1.46241537669746568540 -0.08507728351596841043
+0.80919348303363070052 +0.36713081725500984476
-1.23617940499170964053 +0.20937572168155277330
+0.43382196867037775556 +0.97873986382928734873
-0.66352169183766407379 -0.38904129280497357080
-1.18963402696724207530 -0.27662757624997386108
-0.78557158628970469305 +0.23639110413601072125
-0.49274015953191602213 -0.07229310140208054791
+1.03695680531561751359 -0.97892791422137537261
-0.07009508205513026446 +0.69364013470327501309
+0.85629322754986292310 +1.20848416349065068687
-0.14920575633056709641 +0.26671019510106042105
+0.52661204610656953129 -1.26180835899792653798
+0.74355611865347426281 +1.08260153349611498719
+0.27363160687209320265 -0.92161039015127088625
+0.00779006430174433717 -0.17139333678273960260
+0.11698316658865115514 -0.88949915505832422014
+0.11654265850991207820 -1.37991923188864729077
-0.78481877264567012631 -0.62421972239093426182
+0.60783295676819903974 -0.41552865938196448248
+1.27962995038252214108 +1.05447943904725560671
-0.44730828395485100479 -0.27855990636659266890
-0.58304414950015459596 +1.48306343131544959846
+0.56990487585764837419 -0.93490157072756208123
-0.70884796244935688314 +0.99736023910081050836
-0.77667798651064445803 +1.23008835426380613853
-0.19326812145422883615 -0.76826324376391874615
+0.06572219326364325820 -1.94798862473082357027
+0.36156070039848964282 +0.39876686099639985228
-0.26563369013761811699 -0.89128944253648423324
-0.00169280710128172363 +0.78782718339725965606
-1.93727477426107386194 +1.11825252203811076335
-1.04831094566545512947 +0.47114683517072419860
+0.23475465029254685700 -0.80372997508573873482
-0.01950173327490754838 +0.23399844696291235979
+0.02082932275228273344 +0.29634668083779636127
-0.86521772551666242812 +0.29852684050312200403
-0.03057559776548579578 -1.71119917352808181832
-1.21329378208095528535 -0.14638285937944167658
+0.87458112723365089014 -0.74273558177346254983
+0.48545377591512894888 +0.73737494373769263412
+0.26574597120736176414 -0.25503862208610561524
+1.16635009476813844564 +0.01878675204912516605
+1.48689962743271553158 +0.41320878425282447921
+1.33610803610323403134 +0.24178221339576211335
-1.03477189830868621101 +0.96069030275882072445
-1.17559302711486868276 +0.39740575641147235508
+0.99551537265677514377 -1.21059895278057916279
-0.03856572136871605494 +1.74505313057305233571
+0.14859690573283135251 -0.50425633556328341989
-1.59061180283820124970 -0.88969321102524645539
-1.13412051248372636181 +0.26358229672362520901
+0.81543014127997914819 +0.00213731614436030171
+0.33069275420499333329 -0.74251776138126523996
+1.33284474642582506654 +1.43401475725123361826
+1.86267058903281657045 +1.27851462405614557660
-0.72109553293482986369 +0.36022444558470056997
+0.08274125655657593725 +1.70551020867451064156
+0.04334548402431726011 -1.37114642690776999956
+0.27289414912672338431 +0.21158070425305910978
-0.12104750367767730390 -0.95648078563552918485
-0.15763267263969032994 -0.84260578359768723011
+1.19007750374775844726 +1.07386576438642622477
+0.24516800082856163301 +0.40612017934706007294
+0.11774395286233053926 -1.12748731582029537712
-0.51603097180593704429 -1.44022361044634195082
+0.69924730286492953191 -0.17159602391270542543
+0.65612100355788915973 -1.09548061981708966250
+1.85553203621223650188 -0.34892644248722182176
-0.49329572897227547124 -0.52736291831514481299
-0.50819828031242320066 +0.05554290731933836378
+0.22687001127706782344 -0.45337245831646660887
+0.54912042411400574515 -0.13726315964174995443
+0.64463651539744604158 +1.43147143127296483378
-0.42227739562326993550 +0.77603581486118278221
-1.46251945324426069206 -0.69889782832923419420
-0.79078723241004844624 +1.80170927204763042795
+0.54570228012082511171 -1.73919536069325486594
-0.29707993224232631668 -0.15766701710675956605
-1.04036219127516194050 -0.07792774377624622772
+1.06187235097279208951 -1.15381668721513408471
+0.19683800943189577737 +0.07771220336142903307
-0.73345263726204756871 +0.00797650033365204791
-0.10681019651164924689 +0.18047757036504163963
+0.79233790707672735465 -1.05586266869729672457
-1.36064633380354282899 +1.40401027147066326251
+0.33296301194587440975 -1.10743166966625627978
+0.12205326509288916270 -0.21861076341640517384
-0.84766070713699481765 -0.61791571084893748278
-1.35995009111596765194 +0.05429313741015712180
+0.72141219229373798605 -0.96792421250034443858
+0.70794651158695365289 +0.53527855630275633647
-0.07984060273952417464 -0.14763751043662681761
+0.49775221953304793487 -0.59523726871405813199
+0.24983953658169294476 +0.22452527154627038852
-0.16588330851242102937 +0.46893003032628749471
-0.44426392815813481318 -0.18006938957089357878
+1.47202946176382987176 -0.00018199066932883534
+0.45406659024434253835 -1.14836287438645401338
-0.41074024739732317713 +2.49157281217050607935
-0.89472155832296285105 +0.24114310271614641801
+0.06912089319048933533 -0.48747232607173446306
-0.01720354533407922326 +0.71618297737932534730
-0.38135059265194037881 -0.01727530028877555246
-0.56549544915929539357 +1.44642474080709293460
-0.34607155473519179978 -0.61890728656277271824
+1.16327770036971167578 +1.39984477940168283716
-1.21896714699075769950 +1.21280779706882868574
-1.68076469396590266747 +0.42561152649863420727
-0.04824740818995532088 +1.08320283025829833257
-1.13423177307440936623 +0.67548256436649878331
-1.52834403193613832528 +1.49315208491316941952
+0.91796500710055095595 +0.93998633830818456580
+0.48395439272553986143 +0.78367539497161775586
-0.69188939581845487758 -0.86252978866959018056
+0.65403946084072472900 -0.04028423950161497125
+0.59526597704919703702 -0.16668326057546289931
-0.02158904562797969717 -1.50573578062599766625
-0.69255753435718969691 -0.17872995815605685621
-0.60955581673144099142 -1.29330280010705300775
-0.65590316734496489914 -0.34218561611451114857
+0.23911356392698443485 +1.12270652730786091311
-0.45299351987584463020 +0.41957008534203521499
+0.15603692518208450712 +0.37711209392616557023
-0.98976014668297040977 -1.07486440776546610110
+0.94624453858956036889 -0.64042293610229417133
+0.93394336426151780550 -0.40859170363012675686
+0.41101923767070996929 -0.15748138681484363799
+0.03109924987485360171 +0.21946706695120898889
-0.03527269622945110317 -0.00834438901409231132
+0.07983405671893401001 +1.10695051709966341136
-0.96200099538435646096 -0.65525553485538534648
-1.25497179407577230670 -0.68471003861479751151
+0.98230548688673779978 +0.96902225372709216433
+0.78775615049101910259 -0.24831209326360659251
-0.57368263804135810613 +0.51602223213267173207
-0.06850672442777172577 -0.52534247642661235922
+0.93814997894097285069 -0.84997826436302892361
+0.48098265493260794479 +1.40061170236739562789
-0.91845738265717380422 -1.13994635306969005484
+0.96196760172310225023 +0.83942477446366758898
+0.68990311722843578046 -0.21878252835949063559
-0.00000461447676802784 +0.20618463679090526242
+0.74482606150403229961 -0.22027385232687013428
-0.46152340732686791824 +0.07055931979205221083
+1.34453853314974858257 +0.59770815983253489101
-0.64499308714615133376 -1.59725052870818218231
-0.41623071774686981605 +0.56475739672412128556
+0.17647578926398099775 +0.23132406917669556812
+0.07123094059096324315 -0.06886594414073377024
-1.34798702437209949601 -1.79595825217557636400
+0.03878825800979224248 +1.06587596022390629358
-0.27366104482858411018 +0.76891632843236634720
-0.66873146609013212061 +1.25531666133363950522
-1.22651196140939755530 +0.69557036425052753970
+0.35749314777458329750 +0.30262836701931083994
+0.82401058045038610977 +0.01850426390284876099
+1.54218774935139180116 -0.07929374531115995772
-1.06959048266265344118 +0.11727901868210011127
-1.37360906482404865336 -0.75295773881127692206
-0.84922153637643404966 -0.23974531376749985689
+0.99246929345317413951 -0.00070503160784282648
+0.70437599523588878547 +0.69709394264605906155
-1.10311097371705391090 +0.52967055961335374192
+0.40646834602165066164 -1.27395521931959310180
+0.46198827253338792254 +0.14767236744048789499
+0.24812741775057661764 -0.04416117014218547132
+0.79609567648408829932 -0.09684914914468864544
+0.44218030561627563735 +0.71140041869332670821
-0.81685462972554345740 +0.44519664755839261083
-0.56692005550856738871 -1.18852441475664805104
+0.75106173188664682172 +0.35667932464766805012
+0.35708254489525947939 -0.77543397264699276406
-1.40354897800261468888 +1.30758453577157407466
+0.03154261105628641815 -0.57173994726842547465
+0.58502450656374338500 -0.78799474029178662171
+0.17650852705093056372 +0.87296480584902114153
+1.19478111512844953346 -0.25091545741062848407
+0.13112165471937808903 +0.54620466282237623012
-0.83317799451926299881 +0.30567216021027343587
-1.28904002965221797794 -1.38815823346359956680
-0.02970096955438594755 -0.74073495070950556851
+0.85081528920316928932 -0.74144198009132566973
+0.02131045810027765164 -0.11702773559644286117
-0.93618072464548318656 -0.58805720681423445662
+1.17679637603549203106 +0.06025185123749102201
+0.79042517180485083461 -0.88408360469303048923
-0.14509334825145681069 +1.84815803358717056781
-1.05408731655756904289 -0.52685452816822908595
-0.43067247804813335588 +0.15351326873583145960
+0.33672821641669370418 -0.46900190167358390969
-0.15869697750279651571 -0.26867970005829322488
-0.84273978741106125856 +1.41067075861612112320
-1.39584825776836174427 -0.39245636750721474284
+1.27335534982407883042 +0.06882348420889239371
-0.79021616532816418843 -0.82589507895738922816
-0.28052335641523684640 +0.51182873679603235750
-0.72787630913191569970 +0.70259305951728501238
+0.35996656456974812643 +0.76074222224838305983
+0.46678705385761842805 +0.99952979091467897277
-0.84289020528359159812 -0.79757596768956284805
+1.39882828123346381055 +0.22172792832936361052
+0.31985544882455996252 -0.10326817818589439923
-0.68739403189863157451 +0.78052116648231772977
-0.33694595300920426872 +0.09328681257048487829
-1.56473241783868388666 +0.50953431287766481894
+0.77925119666992626044 -0.69907720249983595906
+0.30511149872144627260 +0.70463330990658379349
-0.63681802575663404298 +0.04953267373850245292
-0.79472835180007939115 -0.07713808027249413612
+0.03216658282500639565 -0.78901878460815066951
-0.76695672475335663343 +0.43937231121430553316
+0.37627473384263709910 +0.44173926299158972064
-0.09427045893346353012 +0.42442422163949378167
+1.24503441551370452878 +0.21921191521680749581
+1.55273263914685055731 -1.66488825031772735841
+0.04783091970059549780 -0.57868662840609985665
+0.26091860391098825600 +1.03672056929893363630
+0.38302056888093888309 +1.25715827174381455933
+0.79681145179484968999 -0.09551267140841385173
-0.70787284603839129016 +1.03891472821321650954
-0.12277514829214400405 -0.50056354575995709588
+1.59750815941500312611 -0.64719685074173094463
+0.48205525657693371056 -0.83194591278780427590
+0.98935317145838430619 -0.66738777376875346725
+1.68769282670261500101 -0.94302124508809492820
-1.27426662301035964475 -0.64072763502870966335
-1.05877457746507608327 +0.18329561817618011954
+0.50872220568241044436 +0.18612565664020552791
-0.57407889591501504167 -0.32066372165011092221
+0.27581963680480564571 +0.02494908801588315017
+0.11653509486792837380 +0.36385721719073843561
+0.43278753878433651181 +0.58432524686880071840
+1.28653321060598502257 -0.63017193130656989908
+0.16702570564282659404 +0.04210780456232732227
-1.14635316253827213018 +0.32334176512835788309
+0.94416024622798078170 -0.10818375137925451135
-1.16695379091290529772 +1.04893395128798161409
+1.53843835127852623934 +0.42986134922598440156
+1.23965916828578404107 -0.42560105291728600463
+0.71782352886586275886 -0.24627790637785262895
+0.08347060180273224717 -0.13922442508993770893
-0.42752550512652454096 +0.50456911295888140501
+0.19278876499232011632 -0.82419308117858247620
+0.55347342686500922149 -0.59637355452104734432
-1.06105184258402518438 -0.53646466752477239837
-0.31419005559521773208 +0.38858903244456954873
-0.29153898677035772202 -0.36860180618275029119
-1.02008143803818196460 -0.30982657581311423556
-0.60866343001597111861 -1.15349921650727438305
+0.73780642876994584345 -0.17409051718381704510
+0.02759420707879767232 -1.38536255657508067252
+1.49813510892163392896 +0.77443395594657271630
-0.33265599871637790974 -0.56333340704086420914
+0.62732919438993606231 +0.72566158868509766933
-0.27566443573315579929 +0.17585776890744081458
+0.30139668615403797380 -0.73104359381227690395
+1.63058060213839062236 -0.29532703298637358325
+0.80259652424538963089 +0.02505395690769640638
+1.69079272220320242504 +1.03509161238223823531
-0.30100182906581279818 +0.11155887233389936986
+0.42279045116817570715 -0.15932240080393605952
+0.36987938354745197866 +0.19460307853550024015
+1.01540962715056792831 -1.13743983425021877309
+0.37429074046737054182 +0.56708134898703677074
-0.13253451299536078700 +0.95687376591441530849
-0.22578691601402112177 -0.91477089785068832484
-0.53911105018254179555 -1.61230146795013795646
+0.93987429458933213766 +1.01468932521573118599
-0.11187254025763238019 -0.62849245624187921599
-0.12854660998211486778 -0.58715142668823117056
+0.48306008702075087236 -0.87279452207655583429
-0.70031829701756453943 +0.95404565872559365936
-0.02185466941836078369 +0.46545112507480368436
+1.32253514143879891130 +0.43562429490621523698
+0.85050263533092085311 +1.13972079654623192901
-1.69336605183612243231 -0.05276137807870484586
-0.14245098027425151521 +0.61361670554766511998
-0.54501663781142273280 +0.51226344564655201808
-0.45060596164815702735 -1.26219054509657802043
-0.29861823686430377656 +1.07903622397222309637
-0.34008239736290030164 +0.41806122741243312291
-1.71978860156831614425 +0.46173738865452329527
-0.94488114496861785874 +0.87327702575882648617
-0.00510769064307958764 -1.30198908288657055898
-1.87322026673510677597 +0.58486179619435463284
+0.06536672838276258446 +1.15096493505418551173
-0.41968805625999960895 +1.18087103028953244177
-0.30242496178846117738 -0.25344096810024907551
+0.56685376384319530185 -2.10553198492305115863
-0.04162831535932967619 +0.56179588675219804816
+0.75116496564194790153 -0.37740217386263530397
+0.06662729158498295612 -0.19940901628773355370
-1.50022711383097240301 +0.59161043470988905479
+0.00366759522213161437 +0.38361135441802568513
-1.44613854373080052973 +0.01014645786762141677
-1.83888308873579453540 +1.10495098436195782199
-0.46855563107861208927 +1.77539052939229291539
-0.87963476251946914886 -0.28071535765597643852
+0.71732158451066685423 +0.48308451896605264508
-1.81180063999265339447 -1.20704163008497156184
-0.55079483540536600117 +0.69601656792157751141
-0.27163234196467556103 -0.00267487362623741731
+0.07405560961426393973 +0.20233122202223730035
-0.16308503957560094300 +0.80967584967069639035
+0.93541738453043321577 +0.77058685608545807177
+0.58565770533104100082 +0.08230233698039080004
+1.83413929780875339937 +0.99945108085844958090
-1.17213101825293231073 +0.13960941714433960925
+0.14308264826950356507 +0.01859363354952203728
+0.44842509804768870829 +0.56248032157029537181
-0.63755951187813741932 +0.90313580134401760802
-0.13902992039012374015 +0.58276725739162005269
+0.26956555507233442848 +0.05624563088339393918
-0.55100534165337589076 -0.67418344393230444922
+0.41277839302052404813 -0.86656006185682654674
+0.03790711697407196656 +0.07429989717875698507
-0.58150584796702431412 -1.01331991257604103751
+1.33415816271371578949 -1.25680662090257122543
+0.03581059624813179298 -0.53956918766092010209
+0.91239554856933779980 -1.02089824869991119272
+0.82861224115772058596 -0.60732687078649250090
+0.76509104540258510152 -0.09601149739226969015
+0.55666185310459614932 -0.21124952234385321881
-0.23472014927692441688 -0.30396265833207347651
+0.39372633662971873170 +0.03782592025376455003
-0.69271398223205848943 +0.60721658320116755903
-1.14965663994516131829 -1.06075533716543768392
-0.67522850356370223146 -0.45251557754195781413
-0.54002094256345878343 +0.23227025929062117271
-1.20925775284454672942 +0.71251652981432433975
-0.25784608710613166060 +0.92609437189668031287
-0.55036347344658165248 -0.74412253743057177324
+0.73692054753263258604 -0.41809981765230630479
-1.51257381210287933371 -1.03076825692287687986
-1.29204372649393062211 -1.01462574275413563996
+1.45054300149563930589 +0.03288959619105513710
+0.67374855126576860265 -0.68882372329346974738
+0.53198855877671191728 -0.93448644824109439178
-1.21162764620620544420 +0.16949304921710295346
+0.25248450449549597607 +0.60025050856401285237
+0.10923462885325374572 -0.29209030290784898654
+0.66775486713282439233 +0.85694102991522891344
+0.45224299064534223547 +0.41631038452501334390
-1.12336905520345387011 +0.94124262222184862381
-0.56517285764792357661 -1.54318349688687095345
-0.36135060237758420687 +0.53795803454976565128
+0.54856601583895603369 -1.41039507930959873150
+0.67759499216550833633 -0.99530189105025379526
+1.34912220799436388674 +0.05734960742647987608
+0.83979730626059434506 +0.09393232242119892161
+0.49959439352456697092 +0.39026295861383653030
-1.42799462428378332035 +0.36752203477205830362
+0.14849936580844594336 -0.68609669283831165032
-1.32935578491204053897 -0.50134587828765397877
-0.51890242817290510580 -0.02851712978148435162
-0.72400452423076933073 -1.10907251403375473053
-1.36016122328530375540 +0.32807569662440327907
-0.63780967599741966723 -1.28234689834857351620
-1.08723429681542937963 +0.91917706497517626119
+0.26268625755788921339 +1.36076263140847331101
+0.34053466970306423001 -0.22620876103947096247
-0.57788507420914081436 +0.48063056112654334306
-1.01576781936325288846 -0.19114015018554098013
-0.60163578969347586423 +1.60573648135379576374
+0.45888602090399333022 +0.21442685807754435778
-1.59780961504736285228 +1.73797784127586907310
-0.24051320531534248204 +0.25143530109802747496
-0.18269782336546813717 +0.96841949221841350237
+0.35132735000026271699 -0.83586091740156009955
-0.61821152837839665750 +0.09376850964257843479
-0.27486373415049158986 -0.40244230857769625054
+0.66353132465598951839 -1.07798384975376482231
+0.59892657465833654129 +1.16285200844073743909
+0.03339699314769162264 +1.10364402419886231677
-0.89478950668660006684 -1.35858902875644016461
-1.01806076475107820656 -0.27214370308022406419
-0.60298532163329265909 -1.66439193015320530122
-1.09851377021903218179 -0.53361527176601120104
-1.20025024699186166899 -0.15442559278789624866
+1.02303028148630037464 -0.79712489463402125267
-0.57575496935396219822 +0.71101958184294722365
-0.27281143297886323307 +0.09650172298433457030
+0.93244677230867012430 +0.16037532310606500419
-1.00933448507158107788 -0.34310479503385160616
-0.30132489084878549823 +1.53559815858480153139
+0.68024740641515146766 -0.73551469354039422655
+1.23934086616773542211 -0.37556853156482877809
+0.75434130831127010897 +0.67785835877497657709
+0.40584327663739433456 +0.65868685696755235881
+0.57244007208312241985 -0.41864464424138359000
+0.93737304807149712804 -0.08477023599798499953
+0.09747385822592047333 -0.52464126316738246558
+0.47628658858197669979 -0.84465666706814435116
+0.08762252287981442400 +0.87522973515438118319
+0.15023388938034165641 +0.10998598729484365677
+0.24356222938864235950 +0.20118903513689256890
-0.67952893278500958729 -0.94804710861771890329
+0.19522261251980443930 -0.25443781013533062207
+0.10815643136116226408 -0.79327325635000844883
+0.33765632180893612180 -0.76859315395439353757
-0.04728253422222783442 -1.01312847597518373988
-0.25282216321873174358 +0.38455785600470826502
-1.55849377224461616009 -0.23327279235948639169
-0.53562045770362431973 -1.15387607534447034219
+0.46915164387825014636 -0.64574435908826477437
+1.45243314505227005817 -1.17909138409413438708
-0.50087153328989497680 -0.73559698306632603781
-1.10258089725833530181 -1.35911400486783673358
+0.62158014877600953341 +0.66351129610013082072
-1.23446799090190206805 -0.37737898424798493879
+0.66544757258706477288 -0.94708072098478335299
-2.01266567358103731777 -0.02825324356501834888
-1.07344379745139728577 -0.25714794233148591251
+0.05057891614857967788 -1.68290144273984854095
-1.09060896204015111977 +0.45035951249799277551
+1.02491820979833847538 -0.74997029262445114028
-0.48402519280179462369 +0.91101055186980706146
-1.19585623553744757608 +0.93790832998310058599
-0.83403730387703101101 +0.03341492456281619505
-0.03418237407065978506 +0.06589251595062024791
+1.01079067265910915729 -0.48529042230594687801
+0.40855080236918506209 -0.16460270797431336698
-0.28000754733480548442 -0.30715747391373371400
+0.75350238376297151710 -0.32564175151541863151
+1.07014422508090989439 -0.80334649739148722425
-0.31397865860406781735 +0.03131131679357834763
-0.14300684007952413346 -0.51625148968461043175
-0.90364376276656721565 -0.36399841064570370719
+1.37077951649724893990 +0.58641776167832682098
+1.25845980171171967221 -0.93446691232377832037
-0.60137936963808336088 +0.96314081496980130659
+0.34349495920011574590 -0.01711453904393267500
-0.17951449421576803900 +0.41537206209830390691
+1.65382618335108722007 -0.43965279013764124727
+0.76880951611483450137 -1.20610167078282737307
+0.87384940284065559801 -0.12087687892922582833
-0.19138057504966199396 -0.73204736972767014969
+0.13857793200243939680 +0.76298895142968814476
+0.23145312011991525658 -0.09554149998235250685
-0.54445206311554472656 -0.30759712744101608273
+0.07157676611972810243 -1.10464301470292958207
+1.63710718119851073027 +0.87231547793080488340
+0.30471746304029034835 -1.37017840614468822125
-1.13853064952426663581 -0.29642165106978785039
+0.25477897410950456347 -0.39607688925991391127
-1.07286968073665200940 +0.07118664273530245223
-0.93890712557771927038 +0.72793095891787551466
+1.36944416345422492753 -1.62692908508755929020
-1.49326490878094975123 +0.04001585405502885995
-0.36910479867312417923 +0.20194213712611031042
-0.26536791211924881662 -0.23682534149163275705
-0.61803326057344631916 +1.35530227459221430664
-0.51919940375422313217 -0.08410229479971778610
+1.37528780473252121297 -0.03599384944675237952
-1.86611001380950991546 +0.49912073513927612822
+0.41242260848389333816 -1.03123733686072105442
+1.10065323760434807809 +0.87859748912328661241
+1.21068460764660823514 +1.24731408965145473822
+0.86031227093972639786 +0.75548693592970628252
-1.12351633722275945360 -0.89776827834252004301
+0.03455840239787311141 +1.07730185957038582245
-0.65419527365473828517 +0.66642009119394041150
-0.93779932254019038318 -0.14068147841452227631
-0.26590828126841592471 +1.35469878207719096608
+0.70694733802653719756 -0.37713467261536726127
+1.52599697172914372523 +0.07010473699459396357
-0.80915821985227220914 +1.23655291420981283679
-0.96947128950848937556 -0.19931387784258447482
+0.65369160120731084618 +0.14182420422178276809
+0.84551432461433284615 -0.69588652945343865142
+0.13244202796656234788 -0.21219562318357998443
-0.00118709281718798465 -0.41204609465195263240
+0.42041714321073486715 +1.01376776296623427598
+0.16825095652335225749 +0.63347145414928851537
-0.14977911578825475747 -1.34384530156289438985
-0.70776861890822651002 +0.29156605722528694535
+0.35302418080005482093 -0.90817975722193478028
-0.69783061963011205897 -0.59624721861533402922
-1.55473859923234369873 +0.74811360735564080837
+0.11862439795272541887 -1.51210333295830112732
+0.09937044730781360857 -0.98204349231479048932
+1.48430115514874394478 -1.05154857964274595084
+0.51304999949415741600 -0.57198401009977450915
-0.89532863994691513909 +0.29895907394903792342
-0.04064207152061682926 +1.32020228139558115643
+0.46641236510750405664 -0.57433835860040927113
+0.44295988117309581522 +0.35614416954746064281
+1.17159848544995903730 -0.32935946537312155158
+0.62821862604695555277 -0.33844809944971609994
-0.50508306292881433031 +1.46293199389031869373
+1.33251383368406295382 -0.78872623576481726282
-0.82326887973152329536 +0.30807176777089151365
-0.50745140097059948658 -0.78292781255254961792
+0.06528564714437057326 -0.03746831153927177027
+1.43985372187288018786 +0.12622568065309036633
-1.41535894927641181518 -0.53073307564562166583
+1.41376275308095444849 +0.10965111716445608003
-0.97911339636909389128 +0.06862534766025252253
-0.76872389395876039586 +1.06881398993366905081
-0.40673755774109920935 -0.59356255807616986608
-1.38289920741034877416 -0.37049600442026187075
-1.74790392844574560272 -1.03668405823631615270
+1.22958036299155093474 -1.33447157542987127066
+0.01194689130294013246 -0.13246416222300316790
+0.39187335001083650754 +0.62780298021248037710
+0.61035654381260706636 -0.23556081851667717841
+0.09388293173201167630 -0.69485603318378841298
+0.48785228040692318885 +0.84144981912557548220
+0.85287671997483283093 +0.28668726350627504740
-0.81184684008764618213 -0.00341775512308184481
+1.26532509907125545467 +0.63564839979529697001
-0.02887669220845699020 +0.48559975542627858980
-1.29352675971974551139 +0.68394389840428149174
-0.47569181877201799358 +0.17542624830066977371
+0.03537977283973042786 +0.97832660614527244825
+0.11612660479305880745 +2.06840526082829345711
-0.50385929884837210579 +1.60142302409655501449
+0.10116113298425249978 -0.09224630701577152259
-0.65593973932619509259 -0.02925176590614619876
-1.03724850287408543181 -0.49680716873355534879
+0.93247693804516340599 -0.88207220645649875301
+1.83148499399042563596 +0.67553044088103586517
-0.27297493233916747535 -0.00712211891001635067
-0.54764532851814262671 -0.04900688189229107650
+0.73532651186010311584 -0.00303290828381674871
+1.73263119575080137835 -0.88446624490666581053
+0.63820836606733921670 -0.63408215947707646798
+0.11377454966264988201 +0.34468360815745113790
-0.49519580175537414313 -0.38860305830641483915
+0.74273239269734214751 -0.55009603430612408204
+0.62008012983528071338 -1.07948921844721823504
+0.01072850668500091587 -0.43232928578687501719
-0.86439160437511475266 +1.20325070424872127006
-0.97845278008417335691 +0.93273498446891944802
+0.79540510242304174326 +0.44704356682883394924
+0.58974543784319122253 +1.37499277529779706519
+0.83555302803839315295 +0.74102048149565957758
-0.52546498581667810956 -0.97500644704282790620
+1.35750452764076090517 +0.22159405079670291272
-0.84763931106450640662 -0.89409204304484690695
-1.29307932921501800294 -1.49838475040934593352
-0.86131062473604047547 -0.07245737768825283309
+0.74846981250069222202 +0.31834931518044540244
+0.46812451739919375138 -1.45573199401882247273
-0.54549824107168087828 -0.44954044913359020308
-0.14823778600975931474 +0.06417071089180932664
+0.53721595707195657354 -0.33927809612324094646
+0.32635989420148392437 +1.58030553151921493438
-0.32948421383998727219 -0.99295200808070505083
+0.65752254621327310691 -0.00943760183233049998
-1.00811945503086786147 -0.74213021869889117532
-0.57467392067601785755 +0.02568599791863612758
+0.82077271992437816905 -0.35793875262180141483
+1.03244419120751151908 +0.47043815773889718912
+0.04710265122641610347 -0.42397040519119788549
-0.57786994491399124030 +0.35714636806445265726
+1.16507384661329926878 +0.20005109787951536049
+0.61499104215439759358 -1.01913079955335317273
-1.14690030112563934317 +1.01410089557420057815
-0.82082885439811748007 +0.56996181205630302991
-1.10387770616354052855 -1.04142529907347980433
-0.40178579489148646964 -0.44245042196658812550
+1.04417723558407349316 -1.80633857574790201994
-0.88670876812171428583 -0.04754427909612446435
+0.97918314884549229049 +0.78502328712531310728
+1.05148183236344605618 +1.03525918374000158728
+0.23311615285183395763 +1.56342901930740296734
+1.02661081713362145607 -0.32761100136966248009
-0.74155152861019668631 -0.92746661082076820026
+1.28498577672793645732 +0.99659247293086394848
+0.49504022072916309405 -1.88997675889791461046
-1.84122404822062968321 -0.43971302552612911985
-0.53971162921444160165 -0.97592394472168775277
-1.13889303269423236564 +0.30371970688570348873
+0.39206437491097595460 -0.07983552210297005514
+0.67185646025057144115 +1.11122379814837080048
-0.28027546260227015340 -0.11802019214132132563
-0.49076633153723453473 -1.10122651468508347961
-0.24691135511812062342 -0.17053789298890015269
+1.55779193069251764570 -0.67345996521134676716
-0.09253655075038202948 -1.06672053420396495405
-1.13674399417430183057 +0.31634384069939508466
+0.76370529364489514457 -0.12773136396401327253
-0.49393413282403408893 -0.55000666233342854206
-1.07920766105846399618 +0.42345992445912883362
-0.34117079226435453876 -0.19324361450973492893
+0.36959127337480923714 -1.49839030458819078007
+0.50213265204816592835 -1.28092425996582792713
+1.51982573783104424336 -0.33925589046847770547
-0.77309894427944980677 +0.35803887517002319640
+1.34271603010190765382 -0.22754820151948695894
+0.53041461776538190165 +0.62109135985699759352
-0.23077883622382011630 +1.03235470893210012910
-0.49925407559697676518 -0.40616152560100959867
-0.19433721304492945769 +0.23892248713291808215
-1.46247260353801578070 -0.48592838382601866165
+1.90264577241677246278 +0.26838239984403355898
+0.21587492306916411522 -0.44836882705879754774
+1.14286093975653058052 -0.40914962334968629776
-1.13798884082553519725 -1.30949688110654283157
-0.34582313065099129501 +1.41117891950219709329
-0.78351347087287692705 -1.62700101658685492012
-1.08986919417005201360 +0.27535111792377447992
+0.93047666895765124284 -0.24840201667270234154
-1.19594508435441748695 -0.65793618240835805011
-1.12726042053923314334 +0.33632638720622354267
+0.69219134201920673455 +0.64017919652969657029
-0.29701139873458737295 -0.71793772437004854670
-0.64403885478312838941 -0.03354829233572134695
-0.27219654511359336890 +0.06430779459341212645
-0.91104609326052110596 -1.35394779422389577306
-0.28056215846230969646 +0.29143562931577576824
-0.54648332061163695794 +0.82028686085735380562
+0.63264084582723112415 -0.66863236701589623401
-0.58102061552182104887 +0.21975118417599595610
+0.03932190345707309298 -0.06706294623958153345
-1.16108466542141242073 +0.03351488852567041654
-0.54773863554989254965 -1.11897969605754021849
-0.73643241939727621670 +0.10283895008902521617
-0.27121954181655194560 -0.31051291445522721801
+0.78483075578124772420 -0.00720630305350766776
-1.14859940968559803842 +0.89806161024605613008
+0.01121498260667830316 -0.44860968437163140088
-1.10606181113119927950 -0.18787508026722754551
-0.47541522875124364589 -0.73920698683465446699
-1.12924646150302709913 -0.17508163073560312206
-0.04634286363411987963 -0.23047742379906277499
-1.65081873054233718712 +0.10383799153087047706
+1.78548716466783563561 -0.83146704347085065301
-0.41534277040208178455 -0.42123528963915712886
+1.37142187990730879399 -1.75845167600462493063
-0.93781382767272858381 -1.60524040492049668849
+0.17968759351252389100 +0.94489780304571124869
-1.13534230214622033905 +0.07399739923420628473
-1.61378408556406371943 -0.68977959689233658835
+0.40349850218450861172 +1.10575911685546657282
+1.58481436830957989059 +0.37989126775971149286
+0.46231932988651314176 +0.46858661608157464729
+1.20790345875053350966 -0.78412374940049822669
-1.28286638341514680484 -0.77556836455917899098
+0.35502885288455499069 +0.08216466254074583642
-1.42093621805619418907 -0.20458273758782136165
+1.38648979824318985266 +0.90498854495128844277
+1.17901003446614360826 -0.70362604745922641136
+0.05991722777968572222 -0.41082107923507915626
-0.10435269837337415866 -0.08995770280322244739
-0.20412103166011721922 -0.16179184499820167820
-0.81332200139993604537 +1.42900939348957156660
-0.25868513659722269793 -0.87807163254224396276
-0.38442768237468039061 -0.46374390285795796807
+1.16584756904361097618 +1.87619083159741739664
+1.27607904580617703694 +0.12489241200091028006
-0.87011962119652119796 +1.38267836392364618092
-0.54832147763012395458 +1.80415178430905975837
-0.44785068268661132329 -0.42055821676405602538
+0.26897635376112494221 +0.18383503722343097486
+0.67292257016630707689 -0.48522771285217158876
+0.60723394114954487577 -0.92565086720798550601
-0.11210659574384473913 +0.17798929881946423670
-0.57313593975425303206 +0.03437129458894094824
-0.24828428109064271112 +0.41150493982630442780
+0.35524462487227914664 -0.23876859477031264767
-0.29161971528670460607 -0.15821709050329246793
+0.01466449256818380675 -0.06504782661383790021
+1.22040059336827244607 +0.81038450729230437908
-0.80863415288073670073 +1.97132810778577471922
+0.61720770583044748392 -0.38082192625430077992
+1.13096900711850545385 +0.57160861661364936737
+0.11106706114358833037 +0.89442266548086579725
+0.59084954647692411456 -0.97876968763602056889
-0.85272457399291734514 -0.05935125773088226198
-0.68606183327067638000 -0.57671573362470585078
+1.02975912242093703419 +0.56175600077434206803
+0.46717282991314112994 -1.06404236826628117996
-0.40566432586682688033 +1.75634048628345817988
-0.15355917441203381646 +0.50520251790180659146
-0.42899453639590034992 +1.48338910949270164075
+0.49606270284464210052 +0.87943031805307225746
-1.24266636917568851217 -0.76188339685752226593
+0.09594854623904636171 -0.07805839258850633122
-0.34313526492814605540 +0.11603984550382318020
-0.19097399983340879182 +0.14407326266067577158
+0.82552620297103374014 +0.41801589015483298084
+0.65674970124711928854 -0.89311034269587152856
-1.16641795602327613679 -0.35195560886018872893
+0.88740867809611700956 +0.78031355195439400241
+0.35893547309270323886 +0.21328162747290235757
+1.40362043015655801881 -0.83590688322847528369
-0.94953225148553488388 +0.53740583533232211266
+0.11812993879880973047 -1.15021208423201826143
+0.60026064725750427620 -0.21154252929214112378
+0.38867091111602447562 -1.48897621789031009421
+0.15371656406231815062 +0.31096619456094409806
+0.36294239107551495849 -1.22499498136896645129
-0.08938612606512608139 -1.00167102796314999580
+1.66732266753066493692 -1.36988865470404097557
-1.04617268099598637043 -1.23632363659737931627
-1.58792681123121948161 -0.18488072238766151134
+0.07633715279779229590 -1.81809244396701563673
+0.68422107145668753514 +0.54085318788106406807
-0.02809631229493347870 -0.93076042183395757412
+0.73790875736734462542 -0.42117122915029325814
+1.42807394247020491562 +0.95063436153273839224
-0.44361317701184033169 +0.17653994712485929219
-1.27726329307924668655 +0.68892860769156794021
+0.26244496575995840404 -1.07765561961328026896
-0.09064467306692342019 +0.86107012288293494073
+0.64337914409335905663 +0.09318721294308518477
-1.75754432299252605354 +0.82909253688644179991
-1.13894610532668516534 -0.48934627818718101633
+1.73477979895603096061 -0.56813247970134939102
-1.49770730895685399986 +0.69705027053763046752
-0.97945144586645516149 -0.39715335848088106907
-0.16619983460935427999 +0.39195570842233551367
-0.29408291802986252783 +1.17109042679439778745
-0.31924093169314504692 -0.42873483910073795222
-0.71868544392569022605 +0.55595386700321336448
-1.57842362213505427171 +0.33151732010236334425
-0.45831145183790100717 +0.36562484923804672299
+0.16943829425596734772 -0.61981405586821547438
-0.36209451941986481316 +0.88957592959297859814
-1.53604870508811686136 +0.62350612698670460077
+1.11531852841328160686 -1.39149147909899273401
+0.52586889400950265205 -0.49386187054571228927
+0.97560986261905746630 +0.62352392923463861862
-0.34775329918044328714 -0.12681510009576246745
-0.21328421600598246322 -0.74603945413198635705
-0.36436729455054184257 -1.22956865356866229533
+0.35538382010757313401 +0.64445660588466446850
+1.72836085034451070186 +1.01228299788366626899
-1.11269955833602307571 +1.38035571122305866787
+1.33003938273352506627 -0.00550689822896799352
-1.09691609432417491732 +0.56947799011015975967
+0.25610215194851948528 -0.04971626976422351130
+1.17731194851015796843 +0.70447081051336613022
-0.54718759014999684975 +1.57343699876004250449
+0.54693218344988825397 -0.99910368951993033804
-0.30375442491795867639 -0.36643630791007830716
+0.19065005989971411937 -0.43709167153095518366
-0.02644585123086773404 +1.39608671573690390488
+1.05620637708203624072 -0.60341208109327448827
-1.38195869511661317830 -0.24573699920373437422
-1.53026539392293559061 -0.12124205932171028266
+1.11024483373991467161 +1.30698709821307246237
+0.74599896883125094149 -0.88211777851851236321
+0.04366528974208794267 +0.13490733104728436231
-0.31555562218072497060 +1.07512489042700343234
+0.00198632231569462192 +1.50293808117097027477
-0.16935698124813880483 -0.13482154638052845641
-0.52399584086403949712 +0.82995568143595743749
-0.32405122255102947193 -0.90985085850620150971
-0.31450544615264042214 +0.29994110981635691004
-0.72576837490293555355 -1.01181684652374825895
+0.61074765305081446520 -0.10710906272600362321
-1.09908406741263720008 +1.82591583823328251768
-1.47601685249688219237 +1.81974514244468932311
+1.05300973688660559624 -0.25856707647991061805
-1.22854399218266885363 +0.10426678173515924186
-1.10042836244915775978 +0.52205389842045923920
+0.16601911769355393034 -0.02971146494297971508
-0.45763601831275813048 +0.97906704448520109896
+0.51016561484051747843 -1.64589638606695576328
+1.71351611873036979716 -0.14489304910679023930
+0.34566032050450695712 +0.05938481971961373507
+1.88491318757935899519 -0.27831509618186478505
-0.59079407831772434712 -1.21524521042091748768
+0.16398028525571195502 +1.64052641660459386230
+0.06190448829139860026 +0.79981946738366260785
+1.12636715412146415360 +0.88481141603236601600
-1.14689705130733732297 +1.66525389216789920788
+0.06614914553703514499 -0.04174695668024606260
+0.03794145683308679240 +0.09182340897126473056
-0.54277582990549211317 +1.11725426946409411855
-0.20578587569198827922 +0.45741381768238331684
-0.06469101824598108563 +1.10546746669632978133
-0.03719499269905757188 -1.03538649892490464133
-0.39414996377938882333 +1.36705165988080090678
+0.58372433116858113422 -0.15956117429557448162
-1.65620585502908901354 -0.62782511590011425007
+1.91636648725164149276 -0.15673215271692786388
+1.56265647367319981953 +1.07796593239244797857
+0.86012698643294260847 -0.50909399156999057823
-0.10186420032911547295 -1.21198393654137004383
-0.28798327044021743149 -0.60830223176382181016
+0.32564180982177060031 -0.74549140177684991571
+0.93243996612210899855 -0.87568967591394786254
+0.57883086861031518566 +0.14486895566459168094
+0.41286389479901886013 +0.27020614489095096111
+1.16427499335233952671 +0.32277942926844871430
-1.29503322570047441076 +0.07095751096540436897
+1.44507545981265450585 -0.61136873540970748664
+1.34616744907142615872 -0.49615429390057808057
+1.02226851767898430090 +0.14163425326504441859
-0.37152407119114383427 +1.67096952350173388879
+0.60275543167636858044 +0.51706824945400819971
-0.73400355253476068373 -0.71149436627378659370
-0.11800223237120324726 -0.56058325052420809875
+0.80577680742055679541 -0.15606576275923444985
-0.81848850318589638775 +1.31469520335673339950
+0.97596310413175535459 -0.64629705201777198909
-0.84994304461076963797 +0.47582334631674927383
+0.36380516613287589012 -1.30158091654807073212
-0.28198122766662098160 -1.07582848022566013313
-0.63685966292107720754 -0.16705267597054535011
-1.16041927334819372497 +1.13036986897935598506
-1.12422925066152323836 +1.44091162890563384558
+0.42280865049368288044 -0.64976158762441404981
-0.44004800810999911143 +0.66056901248082833256
-0.55927919490651811785 +0.60630135825585185216
-1.62578438030034377881 +0.03828371276912534427
-1.06165690729298844985 +0.53544688066032941620
+1.15970039951735337524 -0.82622896904084086600
-0.08202889077760633363 -0.29352221752460483373
-0.58076969385258903067 +1.37767548866719669043
-1.30564755192847470333 -0.71711326479546722013
-0.26596921657932615091 +0.84621709855676185974
-0.57125705695127537709 -1.87946644724863398679
-1.15451998247447096269 +0.29761749228367384568
+0.71479840092229363080 -0.90494359254784240143
+0.90092569045394621519 -1.01350293380354683492
+1.14179631933189207338 +0.06387070605718925265
-0.78191304168366970728 -0.70304111034441385542
+1.19875591239593526360 +0.98533474923975217230
+0.02370895773095793579 +0.98036461751063819214
+0.70951795011583074224 +1.04945099863844260035
-0.30477337367913293065 -0.50480817616481554744
-1.32167600779586535964 -0.57117505739280871602
-0.69672749090705099473 -0.59047945958401548694
+0.23922881111711072344 +0.65536289283276527584
+0.76602849407951700833 -0.68294408941599171747
+0.67988855559188177136 -0.42869010894047088200
-0.39706123077624971840 +1.61047564015202326893
+0.31936322893953633661 +1.29472013734426183440
+0.47726619253723234770 -0.57119419811125848874
+0.19766630784784455788 -1.43403082629576816842
-0.56980465600741514454 +0.07021608565184883632
+0.96009017018813680444 -1.00085325222779997212
+0.38818481221812306536 +0.73477159907070077605
+0.54736861578245044058 -0.64549709261031695817
+0.37632979494005414089 -0.61388363391760258914
-1.30952329951477675074 -0.57247371022113568984
-1.82924998720647202788 +0.61164732582512781889
+0.02208803063391062693 +0.22729373463308943926
-1.50941900971892795091 +0.65024875664319226054
+0.33554851495095472380 +1.27423066925770789304
-0.10806547913958164386 -1.09656071533007826169
-0.76956692341935517554 -1.02589068891192636279
+0.41714951313937254085 -0.67492725414604581857
-0.24364336242466966276 +1.24387345739960686331
+0.41785677680746791118 +0.52009610985999277233
-0.11446609074998170819 +0.32591556271931465538
-0.00616263709621045486 -0.28200220955846844184
-0.79030191568622343290 -0.73910954069734313698
+0.93301213110558123276 +0.51477213504819774315
+1.13614415902213639065 -0.04702358995260746966
-0.34653149361418233987 -0.13604002716982432908
-0.02265286904300435264 -0.15366965577907706897
+0.17942373524422133846 +0.12025192051262365012
+0.67088601304929684765 +0.70404648410764447686
-0.33999155049984114418 +0.06145174105064279968
+1.05972796587860274009 -1.24865649597244887659
+1.26003738189041003537 -0.83098884125791472322
+0.31737838844335447552 +0.11047989425405613240
-0.22486276868537510842 +0.54739783499962468838
+0.22356219313068753651 -0.33928253977012606812
+0.55088585986248372883 -0.21832475442957505196
-0.37440514815659453607 +0.56317357591726979749
-0.24762589567405579594 -1.47435810442741210835
+0.29837691775868713240 -0.57861976768452993980
+1.17649147026206368771 -0.64018995239962539490
-0.39511535817186593800 -1.05252234894254548259
-0.08341735558911289594 -0.50583997662736712719
+1.06602784464895972150 +0.09880757664154571351
+0.64778806874986960551 +0.98967695550967271778
-1.84375638957464049739 +0.40168679198408030473
-0.41132002681601620431 -0.79485619405235596879
+0.86160515508837565157 +0.10384186638105474820
-0.04046707297066376441 -1.00551190107790833217
+0.63469688955523895224 +0.29413883968421905557
+1.07428808465792569038 -1.52252726546362060489
-1.44068415687959472393 +0.52391678560760279737
+1.24615932996667910793 +0.56218029445205042194
-1.10615844727093159960 -0.76417157022481818629
-0.03590893813172191251 -1.45059107233017337002
-1.65600460061862686523 +1.76473314626213229062
-0.27259901620463056204 -1.58251265810620278529
+0.36165152054421567662 +1.61181519370526116219
-0.20401021790289264324 +1.38482529911909613141
+0.02337651360875880879 -0.70790710286726432621
+0.50465983597982400077 +0.81789045050469078024
+0.76729663130496017498 +0.90313294478614880578
-1.62791294026004207396 +0.06803692958902174404
-1.41446868288044802497 -0.88286844007965914471
+1.12128582971524215495 -0.77027954991383651429
-0.88163541998928618426 -0.16088299925168952909
+0.17836729033502385366 -0.89332587901904059180
-0.65934600238617002699 -0.36501119512579782711
+1.06991554108501585318 -1.07540130833852609626
-0.58972680250250930634 -0.32187008591193710938
-0.96073344943888150382 -1.51115734686919855889
+0.26203787588013233156 +0.01542818066964231349
+0.04760186786659645342 +0.43402225896575735709
+0.29185087658908331898 +0.27686164767288284905
-1.42363032229988251132 +0.01941124693592288786
-0.34996384610083541844 -0.12069277006465584101
-0.80495472851817773119 -1.74808262508604217444
+0.90908560942739136124 +1.17894963000429719990
+1.67012196048601202492 +0.81393158219581618340
+1.00717653648178306902 -0.39163194805456336134
+0.90608112880782210041 -0.04540620547373519500
-1.30754007445132258702 -0.76330381878270214813
+0.38497682992979664895 -0.38410214993915547943
+0.07423271949059162544 -1.02869057780741268715
-0.78680083188839589070 -0.78860972854530397846
+1.08078688497818209413 +0.03054011496606290343
-0.33588150875181210786 -0.40038182376876174651
+0.64278521254441312038 -1.09245320811406876338
+0.80680735539747594487 -1.27872935501154483262
-0.26132282641875703710 -0.96754768554708037165
-0.49832702819720831044 +0.28158407980017519101
-1.10767752158135501794 -1.36111991059296277840
+0.22495779741590393730 -0.27941162633410393523
+0.12464127875909164489 +0.29750660443952370304
+0.65116649487596089951 +0.71706715738429560592
+1.21923831805110860493 +0.20241687698206772827
+1.08736936642655912522 -0.52044863315639611212
-1.24277202586352020219 -0.02444342707503011081
-1.51175623951442505977 +0.83979164550659746169
+0.00443310519760076183 +1.27617629033650969994
+1.02261286001200613072 -0.22962343076257041297
-1.52508673166918207187 +0.70603059588454797346
+1.30830756022023964036 -0.95241551031609383848
-0.06858819394496429300 +0.66790210687294282454
-0.95886147969623436449 -0.52127305476798091455
+1.08759976636710486986 -0.63452143834130025901
-0.18143537489386241113 +1.00908282940420201967
-0.58111027941457593649 -0.16876220072232750447
-1.20689472747997217361 +0.13635641080316318607
-0.99606041497767416892 +1.14845929069735785966
-0.92331151177868520108 -1.20251321845726821813
-0.58417761649429866821 +0.41746832544647816121
+1.72895055070532355224 +1.35562226242488925720
+1.30644118866239167254 -0.28381295717386612054
-0.90718648772683341264 +0.33616376056705576936
+0.12745580832473746291 +0.51088811615181883852
+0.51295101397713738223 +0.09641948599125949038
+0.36834423002381799783 -1.15319061071238215810
+1.71039173437290581425 -0.85456046775011595962
-1.49430626104911601360 +0.84300859897675106680
-0.13430680590771393312 -0.07317483385399525808
+0.09457939439618123778 +0.47257216073677321688
+1.61592894901171990618 +0.21696298190447782517
+0.18430815224700253241 -1.10375355042179346121
+0.11951224186547178274 +0.49553451104851464759
-0.40167690260775923417 -0.17690372461213818567
-0.16587735811741571856 -0.78934656705525796383
+0.76765473264375749807 -1.09112926374542906771
-0.19373566544146947344 -0.14482833164545691473
-0.03486367020487624729 -0.14780215939098323430
-0.57850975454117492536 -1.01770058290101439447
+0.97924349203524618801 -1.07578973453774118241
-0.01231313989034671375 -0.81712540897768137782
-0.38054508675745440938 -1.11450507523451247671
-0.86609487493270609360 +0.50818748037804750695
+0.32188857544083548934 -0.97376373017811501676
-0.98415946978818213964 -1.46912053070706605240
-1.48698272215578941591 -1.17428583148430853988
