#xr #xi #yr #yi
+0.18024844621782221132 +0.15694753425176632966 +0.87386024953365182277 -0.59701139740098185804
-0.29907966618608439191 +0.29134521128021972913 +0.69245464683892410385 +0.18048162856136951149
-0.21890114994120701830 +0.16346439646256505362 +0.58846678811555341859 +0.16947355534364061391
+0.49208482383652030201 +0.81917906209809299156 -0.47990927739198130375 +1.03383728759797066665
+0.59342885046037552321 +0.36867755033020066513 +0.64515462757133756888 -0.43913868510531450795
+0.91662091909579190840 +0.95208453686337835009 +0.53209653910783161201 +0.10785396763800236819
+0.28663779617594675742 +0.22801315561250046215 +0.38276930045645074507 -0.43841730314394244949
-0.40287799171086269290 -0.73932447383057242618 +0.26563481676752287441 +0.09101914305178460118
-0.23305189749399990440 +0.73417775232332682656 -0.68198566349601819070 +0.06121777117656757028
+0.98670711650083542388 +0.62712611857722322384 +1.53603316967217451428 +1.28803983845704062006
-0.70689477083584129069 +0.75309306211519411178 -1.53913309205802084634 +0.57646162882151674722
-0.17454543191081395292 +0.17018271810696239399 -0.50064891851517079324 +0.87979209069965547130
+0.53498821359947434928 -0.94040348472751644771 +1.34151726443261742894 -0.56467564959328764296
+0.34841766239521532178 -0.82940888056739114909 +0.90246856090445537468 -1.38626557053344279247
+0.95887530558135103398 -0.19779558856550583101 +0.20513424093855192609 -1.17832473077381361115
-0.62437113623570672516 -0.16699349140671415626 -0.30586790620425263754 +0.80310786740418960150
+0.69361180331582961145 -0.75395893165274818770 -0.51336335709800740013 +0.91090646590451451736
+0.99153431302500849576 -0.11086358271885021765 -1.18734815035155949481 +0.64626676161010165877
+0.80736793805676043689 +0.00600915888107556029 -0.88789349448493071204 +0.53820584841987872959
-0.97199410122850160576 +0.21465822549987767509 +1.55319091825486377267 -0.31075796393909138615
+0.05172577711096204567 -0.80781623543551517308 +1.21494865050019185126 +0.44886481736633015993
-0.38452437998796029639 -0.84423056922537598190 +2.21645902183563414667 -0.08388357535194002068
+0.09613150428050398766 -0.66643045875644291165 +0.89926174997416663537 +0.16628388848751998741
+0.66851280847838556731 +0.83034361688235702736 -1.74852533468517790105 +0.74457727315344279795
-0.44893376600201828630 -0.67295998114675925628 +1.40713773346387505114 -0.21588186854850113794
+0.54932605317133909040 +0.66091371987981739622 -0.11846719452009622786 -0.42238527481857318646
-0.83223832122217955565 -0.17663143329367736456 +0.81098653207901028050 -0.47159250182036782650
-0.32610348660435684032 +0.70960937259269307731 -0.53271801502612847745 +0.17367347517332709650
+0.80652905083314307966 +0.37572783513422880475 -0.73863701378079393844 +1.12265374861511602056
+0.55405089850924005290 -0.55685668996605164338 +0.01955590308179214198 +0.34086256915503454490
-0.75374106464279910789 -0.98052914220830778014 -1.28271204862791798895 -1.37854142043784877458
+0.31850323003145408762 +0.97010135881090375776 +0.70292109928260149143 +1.29919155521365148331
+0.18496931764111468333 +0.29429420558413288411 +1.03691123135331597638 -0.32533777301643729274
+0.65927260779849339301 +0.00395579497810127911 +0.44054664611150662346 -0.91995284438788393899
-0.12843554830264225508 +0.29597291222881239037 -0.69438269027109478237 +0.53277719008904433906
-0.18934775927987268496 -0.75615253467503862339 -0.39492226880023739710 +0.05076644676376940168
+0.43904062830623291624 +0.46482276156117130483 +1.27714142312648171185 +1.37262548617060398115
+0.07137281674546436250 -0.57588617860260482573 +0.98689931614875536781 -0.49042301041024827235
+0.54452679585854690814 +0.77281224642531176627 -0.42020195108440550058 +1.12393303977435143892
-0.71434343502665642589 +0.60897692092669553077 -1.34658116674234840104 +1.18784549175622666795
+0.99601085882679063488 -0.45705853359050241380 +0.08812395087559310447 -0.63904004938400404967
+0.17813831289684101122 +0.59747356241114579767 -0.38412391657734690220 -0.20402066592426315594
-0.72314514614658786940 -0.18839021857922566561 -1.71736019709584630810 -0.71990619542300904321
-0.25087642690309519544 -0.68616188908085873344 +0.54854125070787129737 -1.32828139607383155507
+0.83552981196145292841 -0.65494179993676504559 +0.88652781858141671556 -0.82656391873484458266
+0.91581782015228418992 +0.85870548136020152796 +1.40766804028128911241 +1.42218769584639059822
+0.80795020123711536186 -0.25103525933808334969 +0.70167380887486463514 -0.68949765904744331202
-0.56274276748673490722 +0.40713523639043969204 -0.40922459988998283187 +1.21688124903952221700
+0.85194191371220129305 -0.61963197860057017685 -0.66697259607108660973 +0.91392618418470306096
-0.21872596168698676955 -0.92390863936598521811 +1.04214544445260925976 +0.73874675575997961197
-0.56594714196845252729 +0.23680427786023194869 +0.42685086271194916385 -0.11276374810684745842
-0.20557450952036471215 +0.80691898143880802508 -0.85490395671639929365 -1.30866156690736956669
+0.83810079482024879560 +0.90780272460943267632 -0.59541228564513204446 -0.03105598594913355770
+0.91552649940329100531 +0.08546316819235655338 -1.01887854314869819028 +0.33446212455535095920
-0.96472874694295240872 +0.35112079334903967265 +0.96715919394082128235 -1.23299597268213600998
-0.63223773171569197515 +0.57886857082953113718 +0.01351179849640429462 +0.08640191296003868482
-0.90788690795119753041 -0.18198151579350163587 -0.27507701785177507414 -1.90389776677007405148
-0.56226222947418791342 -0.80149422833540895361 +1.22764203665803095511 -0.99909903038674396925
-0.99421505094925843871 -0.53151597684378337760 +0.21327290354354794255 -0.38174447984019499458
+0.79941767761096649281 -0.64211950699297282164 +0.54689223806001019401 +0.89775626834162669532
+0.05099800661996378714 -0.17162211879807953707 -0.89650638363676726783 -0.21298913556071896735
+0.49185022012900492250 +0.56348221448618907026 -0.18849891687268083285 -0.48101295357930834440
-0.10627639236225072672 -0.43846239970935996233 -0.77290997653464710293 -0.52301946958527834042
+0.15351816759675207535 +0.80974601264908252496 +0.62395271609911429067 +0.53461029952554806055
-0.02060423912895492649 -0.97407809279520662926 -0.12803452933102854594 -1.73171410448054485798
-0.43102845500623510056 +0.07672765494160338484 -1.35118260715167237684 -0.45464875591441189506
-0.68222891321780099183 +0.04530007728105189813 -1.13758548080067312114 -0.54588134097897200725
-0.82734681507328988737 +0.59143875024670422569 -1.09451326943835769434 +0.16545217925090338618
-0.75052294937963104360 -0.30080789401933549776 -0.14643467468550452892 +0.16105306896594995258
+0.30246205896852362827 -0.70840015089401586756 +0.84163532133981755479 +0.14896148180134116679
+0.56628301774731393259 -0.26742537891838069619 +0.30587314129113374328 -0.75706452214864938810
+0.15922399034312917365 +0.96622618146285810248 +0.57581236947628267053 +1.87758178068151826423
-0.47679437129745494417 -0.08571278153460126781 -0.44415183695975901657 +0.86261232442294999423
-0.57860177179022231897 -0.61953337189541479724 -0.64673715766994543941 -0.58208407150793006757
-0.65187741815115374244 -0.44966625410400817842 -0.91877908839406874364 -0.72036565213030812060
-0.88123972183916055023 +0.33718090873947703656 -1.67111804919831707927 +0.31685053928034756510
+0.98638057071031637335 +0.00661792714581332930 +1.24364955968346246884 +0.44266025489642468749
-0.87825438658698695704 -0.19450907827191921129 -1.00412411483016139613 -0.56535159690369996000
+0.70729088741301970877 -0.03324248125499562612 +0.16671648304743547087 -0.89787261097054171799
-0.84422629874710830578 +0.22400209204624643711 -1.05607380360139946340 -0.68124215122005882250
-0.10743029020207361945 -0.75763601168533822872 +0.08682605107311869297 -0.21644208110986840055
-0.92015415214543727629 -0.53137641085601527990 +0.59836250203867391573 +0.50099582692425981278
-0.45535656758287212931 -0.59118141826002390538 +0.03396820673044112504 +0.67485251448862304535
-0.26716645436506780698 -0.42598657099580083951 +0.09947827547766113776 +1.15717777093089679852
+0.60408827469412651467 +0.46186096298528545034 -1.49714310299570341201 +0.41856646184773915742
+0.53917326237129392652 +0.85736163269535703435 -1.43339304160412761568 -0.67307246641519169472
-0.26040987645618018931 -0.48963914323026869191 +0.52166042294101844234 -0.67872711859274226232
+0.41658837913315349688 +0.91135559921866016175 +0.00360695791435804158 +0.26312392378437221563
+0.03264253433769592760 +0.94832510595755126204 -1.03403788747749603161 +0.50943690566489963079
-0.06813538587972312044 +0.03744930038748472967 -0.54477188282900623761 +0.62882887855397184840
-0.26690167024291500120 -0.27069939802629994219 -0.01801997472599189964 +0.42415886476970099395
-0.78987832735915652904 -0.02033036945912947147 +0.34801743509298221912 -0.12265840090199370271
+0.25726898897314609549 +0.43604232775061135818 -0.81920864937176884890 -0.21191083797802923172
-0.12586972824317443909 -0.37084251863178074871 +0.72355059073807648229 +0.27138662263063134672
-0.54057440436558423791 -0.86463012971554609187 -0.83471892352936682968 -1.24563940494046643259
-0.21184750485429115763 -0.90524424326630525961 +0.84053284382779247519 -0.98417720113246165425
-0.57205663386181537788 +0.84514373749380156120 -0.38307811081432596723 +0.80021220073744370183
-0.01609355884674679160 +0.67257144560769721586 -0.48278989249964943120 +0.84980491689603820937
-0.31458725853585778331 -0.01912616884965911979 -0.02103542198842611732 +0.33934624742488206373
+0.64336633939852294617 +0.80281036434970531879 -0.04679543146349374183 +0.89431746339066653384
-0.35054135765126215318 -0.36794005973822052624 +0.35438629380971975458 -0.12316162251389739524
-0.84355179792835488506 +0.85915638719637255072 -0.17149514230879736587 +1.73089225749788711006
+0.01567810577488115698 +0.56293074547589627699 -0.47639990395543407864 +0.94618614882226692586
-0.30856576972437599338 +0.11587476412895658662 -0.56390644458504524117 +0.20026792577162422226
-0.37845569950069313236 +0.23307923021167975541 -0.43999964035724037359 -0.37274934613149501850
+0.40688080906597234865 -0.27752368198073296135 +0.99755064210542476744 -1.24898806360063852061
+0.19726443554034500671 +0.70872204337685351661 +0.75387792575194279010 +1.31289798890169295831
-0.63742726371594393697 +0.21060322354858707072 -1.07318338636194043900 -0.53889607137565254114
-0.56924856366107001726 -0.63637105114324254984 +0.14092876759866723724 -0.51416692568837119026
-0.08954938594759420667 +0.60019641533102774389 +0.31162695288962272144 +0.53104695957399572492
-0.85249952354134661547 +0.48596970178683851493 -0.05693988348659728693 +0.38739959594307271651
-0.33314750945989501929 +0.25207632291420178916 +0.28160900957684598112 -0.21510203350423573454
+0.18897852304748941066 -0.04493153675635785937 -0.76103515690930478854 +0.89007527425015942057
-0.46669633365290263960 +0.17723347128834099351 +0.53858021375694009603 +0.39791195359694725431
+0.29355183654743166599 +0.35847241627454118351 -0.70634798547975230498 -0.11613084803451628746
-0.69016177086201668800 +0.09150709904096121505 +1.50396702168644758046 -0.14944147273606767090
+0.70492765146098190776 +0.24477843722432313101 -1.17958669783165381872 +0.31307188953183812119
+0.67205665561955751919 +0.87173587030151455934 -0.85248639962195782438 +1.25319358692928162213
-0.49207800973031523561 +0.38325540334637064888 +0.36030822416768681915 -0.40034670599296351412
-0.25534067486066924779 +0.08439316164266763565 +0.02049299142722713768 +0.05834414555650712514
-0.06154394085654724122 -0.60582857634317477391 +0.83890780656397179182 +0.31691175862001080832
+0.59066983303945241879 -0.97146438161990555926 +0.71646228355028840351 +0.04487645483697330628
+0.55661349021159778339 +0.60417594552483944170 +0.23410492967864371394 +0.29198717706324567311
-0.43575612264599650203 -0.74949929492423961186 +0.91033855162839083519 -0.36572095446862540324
+0.71017733125973725450 +0.12220412545487135958 +0.36829707497404984284 +1.44108437772058550763
+0.40117633883721692811 -0.06914945575703201897 +0.77989216969154151471 -0.28390814669894803846
+0.79555964005474932854 -0.09857010584376579843 +1.74630182955677581980 +0.09064057316977236489
+0.61475651903674100041 -0.46717835641843752370 +1.07000994535895888049 -0.52050750024852376896
-0.44483259288273435672 +0.76454199734798566901 +0.23566599301557866752 +1.56588077953908633155
+0.18024338366015002499 -0.94018541938552346870 -0.44078982510017317153 -1.45000957381217143727
+0.91085479093504861936 -0.71960950087140296283 +1.51030475472301195516 -0.89765218333684071439
-0.32247630159125684202 +0.47954614339773260490 -0.64036708240620066057 +0.80287569525345969801
+0.22547813922398907138 -0.77055677718255100039 -0.00864034462649598822 -0.28794218335679588883
+0.54630818575886208599 +0.76394806468757914253 +1.46843769324061890202 +0.18423026768133166087
-0.46829042110990504177 -0.57838732684135507611 +0.02956891612545575754 -1.41363225870031872233
+0.12597378056258423662 +0.52540250830288659500 -0.70094770484551705003 -0.11383077873244862310
-0.61463776113856538608 -0.98841687679346956763 -1.42445937075708495279 -0.00837175309514970323
-0.00521356706375741830 +0.19222525126401590612 +0.59315944425716859989 +0.05761253491996076725
+0.65298941409921051893 +0.55368995119083685985 +0.93588812509331353873 -0.27581674668116318294
+0.42402187154719395146 -0.25041977428880168866 -0.46153243302118784896 -0.13282536127925048675
+0.79150918621308741230 -0.77007541699186932149 +1.41159626242766078619 -0.58699253160429498699
-0.46818585910593002453 +0.36801332899555405653 -0.19561927229590114763 +0.84349137883323144216
+0.19389714950419478789 +0.45033461466129098838 +0.48963560951271012378 +0.19689467002475780077
-0.03344824683082925354 +0.69778252039591781575 -0.41064282798541884567 +0.66911062786901798205
+0.68049858589831302424 +0.80133878219110066254 -1.12533117878104738097 -0.03679678484311499354
-0.62103320876032319653 -0.50982415442664796856 +0.70192096961148342515 -0.57841330236919996644
+0.59944996378796333580 -0.17804268246543775156 +0.08045189719931541972 -0.61951196712081080253
-0.31789078081494381856 +0.32332955185572709311 +0.08297656698386257634 +0.13243692764997366806
-0.23411848385048505961 +0.48261459382575511157 -0.56114208565983925148 -1.21110986320714242304
+0.92212950748175681603 -0.57971779700624748166 +0.90842219382244948633 +1.05898476453335499414
+0.49785933723536079931 -0.83524493185896364622 -0.13242402163525052172 +0.99090113699598902919
-0.82692148540810128665 -0.63923328703533521811 +1.32815828936649515946 -0.70737647831936045772
-0.80982160961851956671 +0.98004512369831986440 -1.96846200049740449600 -0.19518384842332228701
+0.59837301132092601819 -0.13461271634405513886 +0.43831176766568130665 +0.52822590716670636546
+0.28289871099410301980 -0.82950669787200004279 +1.13627949292534835557 -0.87124566711163997645
-0.88555430456838180042 +0.11759441300955120191 -1.03355415499123348688 -0.88441506760271648702
+0.62008707621457337389 +0.18308288538757433450 -0.79519843555816338565 +0.55277096276582304846
+0.27256658681002887690 +0.47547804983767738563 +0.55620894904167650363 +0.50089365873616809033
+0.29573846000851533589 -0.25343994463653318761 +0.36341196627161481691 -0.61122992859535496546
-0.37719458115458959213 -0.02867189252689983370 -0.19541711959221358397 -0.77955737812321457270
+0.21678513321211378972 +0.38032045075734366435 +0.53295437287837477136 +0.38567181225948243828
-0.38815425412906723324 +0.78971646189648558867 +0.43328487614553545804 +1.54104008799894609538
-0.23473144363418541047 -0.46528645164092874431 +0.47457153634919602148 -1.42732635818187358900
-0.25896783835397152451 +0.60848109819246154473 -0.60969948413155727884 +1.12344315632349034395
-0.81157193254421367001 +0.42698456700121756313 -0.59456636988781252917 +0.43236360320176769889
+0.22893836004743595147 -0.74800801829031149381 -0.22433815098405496258 -1.64727124002503844125
+0.23957873508524696327 +0.51512063706774324778 +0.31470915824972967023 +0.69594069452820916943
-0.94070361982307137971 +0.49881463379248858203 -0.48822421412539651620 +0.06002335090892785274
-0.79923693965906394965 +0.18009957747408678053 -1.65236810383109644640 +0.75808732076683926770
-0.19750080147575932443 -0.65808323142148839047 +0.65071723035797690571 -0.63108563877197521030
+0.27565297583620074207 +0.82741118275655756165 +0.46038352007386196263 -0.15737261033000260468
-0.62617044750248962437 +0.33910226828497291862 +0.02698244730584797857 +0.44449620134419354223
+0.06249623160656159193 -0.25013682273997339678 +0.33502246826224535425 +0.03223594471669577466
-0.89795878101919646141 +0.71437505143067459024 -0.52173187289261124810 +0.71505326133932278765
-0.73623763438690215111 -0.32255824469150051748 -0.65236869176641398838 -1.15684901832170372593
+0.49203977106970797628 -0.76600909961770935475 +0.74631040416526439607 -1.51755895644215743623
+0.31616923966626098164 +0.00535136150213877393 -0.09938410645414719191 +0.37496908925520489042
+0.82143913027460269127 +0.75132362610246050671 -1.17886131599709331752 +0.27363509109584788215
+0.70930297998338143195 -0.96203990654094484469 -0.68207476480010553743 +0.82020668319206890828
-0.35073164577758575433 +0.51496205813102879922 +0.12825521226090655369 +0.02677700010829873328
+0.21700556265640114084 +0.00537903620055013576 -0.42919399200257185578 +1.02543425165330792659
-0.45327651103149091405 -0.89926322173472694743 +0.50478238025273947098 -0.48320804574906150997
+0.07513042316448270697 +0.18082005746046592165 +0.37178510765778871594 -0.02399913630189620672
+0.45247940569767486352 -0.43879128288356072929 +0.64779355685760253714 +1.54933124453063619796
-0.85313116417203249675 +0.57798774329275248718 -0.39788816582021618862 -0.05389422450152146077
+0.84821803183373623014 +0.02699759264951318016 -0.46790756416915302296 +1.15927827774062297550
+0.18473054423766122056 -0.98478379308656016633 +1.63945533887017247388 -0.77749836712942133055
+0.65315289480833760294 +0.10539393305922062360 +0.90507534631401453940 +0.93387708914498213097
+0.27252623665568376232 +0.28237276745666917144 -0.22802750142937794342 +0.52505478310763487038
+0.37622690812658521331 +0.00067820990864819741 +1.45595540151059288370 +0.11448240403902743001
+0.08386894262048816273 -0.83429077363020320846 +0.95351124159414768489 -0.15893800986034034572
+0.25427063309555641979 -0.75154985682444808148 -0.23602132899359656859 -0.03220504518273564071
-0.27712925551199196761 -0.22631926711519168016 +0.67329798817399577615 +0.34728249416171985686
-0.17439294187195231167 +0.90509511689888455521 -0.28491792674873073210 +1.75517868458437154011
+0.66139731293650250166 +0.49589746009533719473 +0.02710534458477087405 -0.02551430973743040731
-0.66111827201344008920 +0.90871119662550614571 +0.01124646893528624680 +1.07299913450263595394
+0.81879076389673866032 +0.12328740368011925632 +1.73309772324570809943 +0.79081270209185872133
-0.65556232849837736687 +0.10063948697580715752 -0.05624890693781936513 -0.54419594730684539563
+0.43423220142141394362 -0.79060484315245149745 +0.36159057019842966163 -1.53333867084880548504
+0.39792528239456181893 -0.49034038095225618292 +0.32672743539241988486 +0.45213778790131620156
-0.36920170542268881952 -0.29108869266993919744 -0.03679971078537080942 -1.24373449870870711464
-0.40314159606912403078 +0.20747319245837991808 -0.17254274815162151668 +1.04115736572240424884
+0.99153900334528688454 +0.50366366480436441933 +1.71355786243083652032 +0.38380523288283185934
+0.49649214606043501341 -0.62343898991558610589 +1.45684098893764946148 -0.52701742641511417631
-0.42106611299021223793 -0.51265535179183241432 +0.41823316968774237878 -1.16031785554480659783
-0.99050138397584652772 -0.81687723983402071859 -0.51668577979142482626 +0.17398361627312919353
-0.12607487950895390760 +0.90916342157057838946 -1.10399724373451091353 +0.85419322537358732816
-0.80602472012686887659 -0.83595551571960280413 -0.70334948118492168767 -1.35708430311622363362
+0.95042724368598774376 +0.57360176127691153702 -1.22755649919797971137 -0.79992102839210321719
-0.11052498487677842043 +0.85008356768548698490 -0.05190853125940642770 +0.06641453801756562469
-0.63429196835173162761 -0.52141176983276760204 +1.58636819536522599705 +0.44403235431194715277
+0.67236474094872633600 +0.16428793787712980823 -0.69517120045696501052 +1.35980878658708181916
+0.91430695934896943911 +0.66752529841173946501 -0.45237445546539528651 -0.31729415641949970661
+0.59931342156055800174 -0.64483543428265255315 -0.07733186908464073639 +1.45755472910459116243
-0.07264163122298428199 -0.74273382769635398759 +0.14974516666148676713 -0.48660980405448350794
-0.07119784700214193407 +0.94247816885357238448 -1.31376596077766194526 -0.73963809224821597255
+0.33240199463731801011 -0.95264580603876791720 +0.66155711338901346252 +0.70160370004097394325
+0.23059884791750251409 +0.83368417326402433076 -0.49054188508497942323 +0.74373100096957667215
+0.72201885908554963578 -0.11985843192153255998 +0.47291840931919293389 -0.48761572102861139300
+0.96034884287721444807 +0.09642156350047192959 -0.34083720209146672886 +0.78561584328264877364
+0.83929928267795461672 -0.64766250375297418351 +0.98667739074457272430 +0.79574844534684141539
+0.47381560418442170146 +0.99086085610714991212 +0.21320960334150340643 +2.31661022409354089291
-0.97792236422555700592 -0.05497019619699106130 -0.41804649390628417782 -1.21673123534338856189
+0.10267523894194718892 -0.52112878739662082950 +0.82981989637611741628 +0.48605598860270260442
+0.78358786567326110806 -0.78662842813561129063 +1.17325184518235237086 -1.33373106306846489488
+0.28936597438260758253 -0.92973698880251043342 -0.17441126208556911870 -1.22743899592670491216
+0.10445561913518064401 -0.21787629111944095683 -0.61955183880995323698 -0.51484416175746638977
+0.44207253551455849561 +0.29583144888272117079 +0.93041082695290477922 -0.32611163728942904605
+0.11944667856472701573 -0.34802446093603900401 -0.46476523370369937638 -1.12047117814766306054
-0.43446571103176467865 -0.29210449342908084702 -0.55608235556180596326 -0.75252835280681606989
-0.68894714503927390048 +0.89122678768038854358 -1.01397119868455121150 +1.52505602680257590364
-0.56014621478548942690 -0.00220028467590771548 -1.23079610649206894202 -0.60753529418337559598
+0.54435803149659967026 -0.60232770045116690305 +0.31479044015951407331 -1.55837399958960576285
-0.86928745901447590505 +0.21199242300113385618 -1.16786496664764860576 +0.21577732859653275810
+0.64677616281505856399 -0.63339318577283987288 +0.29874770763428792897 -1.19498311694074943468
+0.03114820739007395645 +0.31081705763593481251 -0.68917657718341662765 +0.08010911690228939008
+0.88456463430013743121 +0.28714350953481604378 +0.08264151318920598399 +1.25140387108077688616
-0.09734094720847519255 +0.51296021983663497856 -0.83907886335272996448 +1.26558351382302824994
+0.67962899756937211748 +0.83299024653109032812 +1.09580982050657804727 +0.40949687287751745934
-0.69671505978870973408 -0.94747130849089189475 -1.67030560031220698392 -0.22026019801316265578
+0.38966397950909126280 -0.54710263493285360425 +0.39392388616416984526 -0.23952579320275768637
-0.46377723646817670122 -0.29770200712419447875 +0.61536786713423774486 -0.76682155826137099464
-0.72400745794513388098 -0.29696787063802543294 +0.79566711747541685185 -0.24396800241935234776
+0.48833829143834628361 -0.62194308617215021684 +0.47141964216756615524 +0.78880551363754358718
-0.58421191226842639210 -0.77244671721162405653 +0.79767361671441361359 -0.19744990573080645202
-0.12161664453004128461 -0.46042385937773522286 -0.03385719082163085591 +0.35363772139581550746
-0.32502405364527731102 +0.63382923912218736007 +0.09853698910931335542 +0.43472287290963396167
-0.67064989170657951512 -0.60533500950746788050 +0.61310385812958234641 +0.00928536791642475823
-0.22956759133708559695 -0.95604629913843885980 +0.35371859866500637848 -0.77392562284386146043
-0.29857750763317270071 +0.00378490559539890192 +0.31554685655043346326 +0.51912464806734903711
-0.34802845518077063502 -0.56158993116790956179 -0.44703280307654147396 -0.89160170947078043469
-0.72032478457349058409 -0.23070794073364542243 +0.03276555515673779118 -0.92568212681520212204
-0.80192312111093144722 +0.96426036154596084238 -1.67132084598281527299 -0.71373301045435311174
-0.74173791614425477192 +0.75262329398639327138 -0.66894616788896421600 -0.15873521081096722551
+0.41618082293720592979 -0.42349337365357286878 +0.23744108799914295793 -1.26165675135480515046
-0.97359054052349724984 +0.72721111047772923897 -0.59826972831489710902 +1.58848813921185194609
+0.51773434824675512722 +0.74631681758825996198 +0.30653256444020104965 +0.36059999290514332948
+0.86821780597972586513 -0.64265393319026076213 +0.51877954406972692780 -0.61831143293982604447
-0.15572475990566059245 +0.88531676660985447747 -0.13033878411880461812 +1.57989185822111632973
-0.50137663126426601501 -0.82611129454071940970 -0.26413975713692106062 -0.06279293026156151925
-0.17142637457300091697 -0.42381774445666864359 -0.91045450330379762427 -0.51824978291289558463
-0.55923096190653343029 -0.66488169590090095973 -1.16004893658481100793 -0.79795752024158117521
+0.46278222202829155663 +0.11428224792188901304 -0.02963423200657588907 -0.39652976910080761641
-0.45297706461679698720 +0.03240502943663448043 -0.33755562486351853302 +0.39608888688044574522
-0.94595166459668744707 -0.96505195775568997085 -0.58616001917446758362 -0.97102860857905248793
-0.21158278040450739788 +0.14479233253901191425 +0.69372131196143183018 +0.21936832199858402603
-0.04004871731022663361 +0.96312211801653635490 +0.32830217508873005272 +0.58324284636906331691
+0.08627539626919200622 -0.18011297783525437310 -0.53214741207826898872 +0.31984604200580690758
+0.91433485983452489343 -0.53140657619857867289 +0.19376995152604092887 -1.22291958522628751993
+0.64595060610890864261 -0.88354201215157757154 +0.73199647292153402489 -0.57264279571949372460
-0.88625476057063812263 -0.24309157523116131649 -1.17013286138295069527 -0.36655623777987078604
+0.26929255526422402056 +0.57812372796576383394 -0.48306602059385483905 -0.28607284499167473513
-0.21120178380655407757 -0.38571682468311663250 +0.72893613205330920479 +1.13203364227137659448
-0.34943826190999893733 +0.02434250025043471766 +1.06413459899315765433 -0.89173319839341302906
+0.02538597578685597433 +0.69457509161126185226 -0.09433082293908363891 +0.24553040750177684837
+0.23723687412734495439 +0.76331836427915789045 -1.49717449089804355289 -0.91121078488313533850
-0.73902812873079670730 -0.09443203845622694104 +0.16844418303040248341 -0.63426591571961088434
-0.60081797467827757764 -0.13307582434068021549 -0.41907591547614114758 -0.33003384936251217718
-0.49241645403486744570 -0.51081201702269662945 +0.94305050520504929423 -0.64327528745625284223
+0.11542143975327845418 +0.36368385744381126479 -0.43580244545730939532 +0.49284759326730614992
+0.35979164542221986345 -0.00597665082336251707 -0.95907530689476161445 +1.30574331004649923926
+0.90530409236593922806 +0.07457598945957211178 +0.28676097543544165624 +1.08172767569740546634
+0.36835089239895668634 -0.37987927164747303799 +1.39705926045995321161 -0.13663234102203719589
-0.61842280834746099494 +0.49995901984106128069 -0.95696854600134506619 -0.20810738472591511217
-0.72056490830848396456 -0.69151300902770884704 -1.04283636830394321748 -1.26926105693429924770
+0.08604586681262538228 +0.31089921643208384694 -1.12913976816959560345 +0.68207517882180479507
-0.28387810081231257264 -0.12346466254870946955 +0.51074422928184293191 +0.34104042387205169007
-0.75235857585807885961 -0.86419657295743856906 -0.72063765924161837795 -1.61392076889215330127
-0.51769941770537619696 +0.51394058907804152092 -0.12035630428450949658 +1.48759517391798223862
+0.41366516167014033556 +0.66758627944402326726 +0.87870644657664898070 +0.68091930246088172574
+0.02425578792443183751 +0.41657829572088500569 -0.15678282865438508686 +0.68635599361278165631
+0.97163097519518482059 +0.67088488005653190704 +0.89065543447967621127 -0.02783882259621428545
-0.44646323828170864090 -0.00510116513862524101 -0.35201194165881855014 +0.28511639730211024713
-0.71068436918913779898 +0.31950530903134244376 -1.24317770793477122560 +0.91169080632881560611
-0.66204649958264139009 -0.87758336883608345502 +0.15736287664363035610 +0.06776783815406539624
-0.54108403934091531262 -0.76635747839390022662 -1.47307475747232063945 -1.20486551238464012492
-0.20996001579076928323 -0.30835898557792518204 -0.24790564793496039364 -0.46427269490166489518
-0.70057223641359622768 +0.02220815480273130582 -0.85903098460718974039 -0.47874827843310097109
-0.44150095721039828156 -0.48511537062498022443 -0.00208061291710448515 -1.22341735721920863433
+0.35589571408611075931 -0.42899456003797764581 -0.09704616157805312504 -0.00400799074577262715
-0.72629022371524398771 +0.21094930102023590202 +0.10391403342967153733 +0.00470101054729599177
+0.29856010323606474444 -0.90116814089534003074 -0.36966374261635004395 -0.54037937541961955645
+0.29562485680695615997 -0.50858949952340082312 +1.10043636037730907518 +0.36585935237814326548
+0.42969506367243126554 -0.59516528012919489576 +0.61931561781825883450 -0.09949311768108959342
+0.39734311342086670038 +0.97365458483994071770 -0.91504253112624289734 -0.45971399576189919678
+0.46504128490650864514 +0.01333302301685845848 +0.07724953304440736190 +0.65170494798548905813
-0.18103861657881692437 +0.26977769789189665062 +0.24584545511049932243 +0.05706330033220456677
-0.08097554071550860932 -0.69872370265274619250 +1.63612409113881485112 +0.55399106993141489230
+0.09445129662289009076 +0.29021756244073548814 -0.59130621055365972794 +0.17366246079916636269
-0.53249333874563342661 +0.59218549729747316235 -0.32572292272578540206 -0.00333256873033480061
+0.81940937622627174619 +0.94535120699014885126 -2.25110056315050499620 +0.67107990157282837451
-0.93199071813140532683 -0.43850803399073989830 -0.24528779942676640080 -0.44735577024427275461
-0.03794563214419111041 -0.15591370932373971314 -0.15244527624923664977 +0.17201438365096394234
-0.15845874819359351271 -0.50095643323583227691 +0.61887322217647533495 +0.42963258158631989492
+0.43942034429329379641 -0.73830198659422840990 +0.57102791972852240399 +0.71697483696391617336
-0.45294187566416388435 +0.42498656929220501866 -1.15942544673826564150 -0.19807738210320863237
+0.83020425714491552505 -0.20624829047293991025 +1.39561104836993865597 +0.80560455619590720655
-0.66822384585241478838 +0.36078876547572047429 -1.50495716783824429186 +0.51216243587852461339
+0.80481150357035291520 +0.87444885190154408861 -0.05883874216895507159 +1.47261811926050834032
+0.18962055414582756896 +0.49567216244810530235 -0.44827337302818759390 +1.02304109364529227655
-0.68083458111072370222 -0.34287866273461387046 -1.38445710179101788562 -0.08373501482461453982
+0.85597981114529719804 +0.69362311775885765464 +1.27525723292791459684 +0.45587274777459496633
+0.94527620154245983741 +0.77864386649359040860 +0.52361031228171750485 +1.01630740652558504422
-0.87205660903984227872 -0.45847039185288473995 -0.42998395532213229409 -1.32545049136277626189
+0.64002706364807204764 +0.01050626861187331507 +1.02526632247619220450 -0.73943744341150141608
-0.68170416601569305826 -0.00702684246327778261 -1.16889224718458262231 +0.21777888539685608116
-0.48850597033230847011 +0.29936224524830867821 -0.80589424581026802841 -0.08462494515319352040
-0.07440070971214018947 +0.51575649020099567643 +0.19496429581264518305 +0.32194739509805136990
-0.26535224260196810242 -0.25273569724516797841 -0.03199324140699544294 -0.90578110540335043943
-0.14070760166254192569 +0.40385282093933483338 +0.45606565405444410288 +0.42489898098371314816
+0.47073402073426739989 +0.43413885387183959175 +0.17998361133111950849 +1.12918209481719400422
-0.17304267126051664505 -0.27346039457820414675 +0.56098870670381417725 +0.22291928462754362350
+0.89707239817163064721 -0.42650221718181824393 +0.73027900189381433904 -0.98552931757750217301
+0.85653946340196251974 +0.29939170849327045865 +1.49145779608847339759 +0.51745566277718690884
-0.34513303423685504079 +0.05796645825892277060 -1.18310074299128387132 +0.44084047992101682567
-0.50266865768902402323 +0.39073289604158989441 -1.35941969287173036740 +0.49560075189454977362
-0.70362252068029418339 +0.25914364790999933064 +0.02278793956957048117 -0.60202231064461320109
+0.41927742178261739880 -0.23775036998426268831 +0.61001322904790511448 +0.82828099756809947518
-0.42166588926074233257 +0.23766354003199463563 +1.46991402799340598051 -0.02330544005431139931
+0.44207265371770998463 -0.86698009950989152195 -0.86570271513513774586 +1.06975450898482860040
+0.38523925882812015686 -0.74994371202337473115 +0.71788152261732851578 +0.35755715349821348692
-0.48718808116888956405 +0.22480572786013386377 -0.30082908394971674682 +0.03293493854347875893
-0.31738827547795955830 -0.38398719040150219861 +0.56584865035378828502 +0.41959864345345210257
+0.26936500552478537251 -0.19380909510294430653 +0.62886611747510268167 +0.47558973192434250699
+0.23335900119497265948 -0.65304540815818246102 +0.40030971092736217232 +0.49871124378542397437
+0.59677325571698602857 +0.02104616004437831478 +0.51932651621398007169 +0.64862849473627071095
-0.29075040940314789140 +0.69504324094535441247 -0.53245169859889251995 -0.60367609294642821105
+0.73403137796433082229 +0.49637967920574777025 -0.13615528674346866200 +1.18190473722404765233
-0.16679339627781630817 -0.55902710039568392908 -0.65855747396764541257 -0.84597596109567774203
+0.63491833268651087785 +0.21806395428391645019 -0.13908795628589404325 -0.19074765948903701918
-0.83796770875442883053 +0.38287402166209405507 -0.57965661025753434377 +0.11157578298256992655
-0.85675103518270634417 +0.10486785585295987921 -0.29150928117128083183 -0.34945026862864014827
-0.98811995589590173594 +0.94413539659314027475 -1.26970677956153865651 +0.24167094484635653906
-0.53510237213337297213 -0.52528179444955469535 -0.37870073109185664606 -0.90713841857681298819
-0.76046865905677996089 -0.05930283646011957899 -0.19930983933138501918 +0.39319689781224709257
-0.72371329979050025294 +0.40802958572439140816 -1.22370718474810469267 +0.29261402635024924557
+0.47171690235115448786 -0.36749544331334815794 +0.37947068237447600936 -1.05705396624742986589
-0.19331160134564839836 -0.79371061278690935303 -0.86318956927751488983 -0.58422252673488994645
+0.23113582342947736059 +0.85507669252718421227 +0.69770546980491698896 +1.76930485983181373655
+0.37496988453885338188 +0.31351606314035929124 -0.16145123471816535954 +0.31293385175517851593
+0.45994914878917469991 -0.09964368163654668820 +0.21061405875002914279 +0.08293786460673269190
+0.56419706227965527034 +0.14045361663963884524 +1.54741747897497328168 +0.11156523127431006159
+0.75490806167028012830 +0.77357963016437070181 +0.47147191595708082268 +1.75618323923359187511
+0.16112508776490730433 +0.98107724733830115049 -0.17047943151496536274 +1.33643650077827191858
-0.34983291842009878181 -0.23572065172418765755 +0.61432971549690740254 -0.58211327855699468437
-0.25182994496954780317 +0.70145367829914651026 -0.79302889668039155957 -0.08526232468300665168
+0.21345920361131009990 +0.63933319936670685024 +0.02681499158637379310 -0.11751510416810306836
+0.92551724219614417422 +0.66007000811615212932 +0.82740596029570756542 +1.64097512367394759991
-0.28158682366563692057 -0.70246445174678373569 -0.70653313223026481538 +1.64659984833992401043
+0.15640164104151632607 -0.38185662412725829284 -0.70619782012510856628 -0.00576355528316077614
+0.56115881972539494171 +0.45249973427236667156 -1.41688294171229389740 +0.03292102011216913038
-0.49999388495760443973 -0.11541555937414216260 +0.10479464612574809768 +0.55952057928531773179
-0.09224621997667847850 -0.68955852293408170794 +0.62651513570433225997 -0.17104916057651775585
-0.66987796793186649147 +0.20948808605201940658 -0.56936314586955827366 -0.95359778693054320087
+0.46656964637543962837 +0.91422816730462952428 -0.14474546032033014376 +0.19487620088649404426
-0.53642111925701874142 -0.00058221138518077531 +0.48586652864688228970 -0.83260134770524896197
-0.24933509003914555713 +0.18258154624327938009 -0.28222522790023185646 -0.70928423882020064095
+0.98322041669531801134 -0.02888838536532878365 +0.24783554407794861074 +0.37793495244604158323
-0.28343614571319930562 +0.98260360906922117330 -0.59047010120380272191 -0.87931494718810077060
-0.33160451927987266707 +0.35535925343997076808 +0.24651959516588745069 -0.75731998702391378764
+0.96416263391700618435 -0.34639262683280702682 +1.00739206962986238558 +0.85087826137644306801
-0.54119895171084375640 -0.78671600298215316194 +0.58618124068923749270 -1.39813267446668132443
-0.18664421202493630680 -0.75684830353480991860 +0.16464817306816648124 -1.44301646260652338682
-0.09811128190043660879 +0.98090511555779547059 -1.06655161345347759827 +0.11497033248198956779
-0.64842979547702039866 +0.85353081967151367415 -1.46525951814054589128 +1.14633727973919641308
-0.10156363594771966596 +0.90989782083306947058 -0.13588211219375012639 +0.84534003717375139075
-0.20100504931075446891 -0.39558355837517922282 -0.17998890746710238808 -0.13714717409334320486
+0.67323159611236138566 -0.25292649574457448658 +0.88181393675294184042 +0.22202257351946608210
-0.78830878885012789503 -0.00700518563336127720 -0.41176515327901985764 -0.35790188501609576655
-0.78085154403862633288 -0.75286600597534558688 -1.62478326931530192567 -0.22899371771711352075
-0.16939398293256191508 -0.62921669354127574003 +0.61950481878527008384 +0.25580433645261457798
-0.53937758187382400799 +0.71325886005706951032 -1.03911374356503505290 +1.48233473336168253276
-0.96201053564398320006 -0.59129155217048845472 -0.79368863344234563684 -0.39324057496171849202
-0.05861593861947733686 +0.53207266701103494988 -0.40865687481841939110 -0.40434616208057438946
+0.57061331067882803403 +0.53258673355517660575 +0.60949812799258706875 +1.13676351058238211955
-0.66905301590724008953 +0.68214249948117999800 -0.55099919091785820591 -0.00946422021440751493
+0.40095610009887194813 +0.74702209277077469274 -0.05357079441270196085 -0.02948159103416081450
-0.16002572817204918643 +0.40871217073530452524 -0.99142774903124597508 +0.46612795947029006527
-0.54048654648084193397 -0.74799776421343522337 -1.46712687419753784468 -0.24966895919999632092
+0.54790783570609846720 +0.29417720237950106821 +0.56254900909383609431 +0.84695282691731965663
-0.81682972266352549262 +0.29280646006768273892 +0.16839992718650509396 +0.56072435960383093523
-0.03431847624603046043 -0.06455778365931807983 +0.12415379486054373137 +0.96885059315234778321
+0.02101614184365208082 +0.25843638428183601796 -0.45540343078627276707 -0.51927180738299238971
+0.20858234064058045476 +0.47494906926404056868 -0.01804426096663724888 -0.86335170897685653557
+0.37654363557110803740 -0.35089669938273448935 -0.58050702700981127169 +1.06684306976288545421
-0.84393172527667559280 +0.52387228825823206613 -1.02652362354256121435 -0.76176704545191531448
+0.78889880171783199891 +0.88502102999389031801 -1.76569601216473692773 +0.30587340047070665783
-0.49973616169121104491 +0.76907587330461302244 -0.06247816241716077496 +0.02799036232251735784
+0.16832190220163756322 +0.19805097720876996270 -0.78934252934673909685 +1.13033243786832970912
-0.35004093619894205425 -0.93641882909160933934 +1.38342064713494061756 -0.57231382686487242140
+0.03888481731375903472 +0.60417677702720551380 -0.26962426083934443177 -0.46385674830431250504
+0.11805382498938188363 -0.69160671969558751293 +1.57952386167378788784 -0.10875875403002088770
-0.45452689451157390899 -0.77650368380493550724 +0.47237758117776984523 -1.68221323462839134066
-0.83140202085919678865 +0.05741578873498554003 -0.36305917301393558771 -0.66508894990015410276
-0.92664032771669591071 +0.49832880501343890245 -0.83370810419466123697 +1.00368095375160004679
+0.01464117338773762711 +0.55277562453781858842 -0.57347014237526761082 +0.14959436114715810029
-0.43550595223389199084 +0.91778721298219223534 +0.02779645004535002961 +0.22789175272187822685
+0.12489907274603107012 +0.26991338651063645493 +0.02527961286099889016 +0.45497913031727588162
-0.80530965992706105006 -0.94683182221980111137 -1.34974844563006701748 +0.05264255560851838212
-0.61286829049811375469 +0.98361798069163230984 -1.17162125149017670722 +0.70459462549342477544
+0.12304540773704997214 +0.90013280862783928704 -0.64074685545568832445 +0.50456737398768125580
-0.84644858328346939125 +0.46564519755179145655 -1.49744259075434094086 +0.81159993927086082621
+0.02091165692456331548 +0.37774132074147126481 -0.73958445726007071563 +0.71996955635336346013
+0.18808345390774250383 +0.65884383745681485145 -0.41968480134577257346 -0.02704078129090636828
+0.53365673657500400928 -0.59556563629113146163 +1.26523366575451579052 -0.29339228807771688956
+0.38049776275505564627 +0.08491700100982391142 +0.87255659978794275489 -0.48234953511619615973
-0.99338090775335929905 +0.19964002388254709075 -1.51429951743046631307 -0.25616158744230466127
+0.77713571476537013361 -0.38886062224112216690 +0.90594011704774524141 +0.00957881178052066851
+0.92179362561593780612 -0.22341457352723215202 +1.07189263487678609899 +0.48243714693789452319
-0.26879645055261036646 -0.51548175776094118383 -0.11873223787350362102 -0.66216623441325306310
-0.18075088663117133692 -0.92355493302316093995 +0.67286505478521019263 -1.61568907995303434610
+0.51633334251657081460 +0.98506004791594037329 +1.05043220915520230108 +0.87417433603088556815
+0.46330240227924202046 -0.68989546026031400849 -0.89880835451313401130 +1.60768267324250624384
-0.09961945988503217997 +0.18506574380663942669 +0.23675742591985315944 +0.03941592621055867857
-0.54443878570300596742 +0.99947437782831949349 -0.98583239840401559739 -1.69832150066504317110
-0.55875296099206295253 -0.27902335519820753440 +0.65649068916813047014 +1.07991276824601944995
-0.76379226319273829660 -0.39556543464015803124 +1.54328594511659389354 +0.28910808323796077790
-0.65099400747087154961 +0.34595474171906936967 -0.00906976731728630081 +0.22901099481103004418
-0.76049611418463403112 +0.34222823561189219532 +0.33184162039708714476 -0.70833637696895102032
-0.60776825525351507729 -0.68588461874772121973 +1.47415284218907949310 -0.51821613422102963398
+0.73157692917951178124 +0.30217334821341457207 -0.89773898449885181083 +0.19792019263033533427
+0.49205883703288710862 -0.56726653612602007115 +0.66141649924890000278 -0.01781723677718806409
-0.52091860967710701402 -0.45580161132485175202 +0.78635260542144036489 +0.18567159237146291240
+0.12880440228237510780 +0.39843943402164283540 -1.01480965090067698497 -0.10166730927944189755
+0.15009900926084829287 +0.70585172046512667521 -1.20276099423511562136 +0.11142000183215805542
+0.15006421267910674544 -0.14668447665231187926 +0.14337712188876072794 +0.53935024860931202184
+0.85361594141638152955 -0.69213414692987340615 +0.86706944082964243492 +0.60963997570743511112
+0.53409886663863148648 -0.11088571188505480514 +0.23123257569155655777 -1.07142158752386573717
-0.17350712706706250543 +0.34230444479791310997 -0.27343184914346618797 +0.99753264692744103570
+0.26851857187991012843 +0.88962804164340281154 -0.13208272860107528324 +0.83559351697866257602
-0.88919942103507954023 -0.37263582609539724899 -1.51106581120701211063 -0.18186608613728405537
+0.47646680154015963460 -0.90200632102891731279 +0.75475975840114783999 -1.74607954839569901040
-0.86934709427775813673 +0.53368836987754364465 -0.79673387970835074512 +0.29803935919764068530
-0.64314684620853701524 +0.52375893038957843650 -1.49870805839624043898 +0.69235255851366961366
+0.01936058745795254943 +0.46764469551566856254 -0.18583601172177033334 -0.04050219946860855735
-0.02562700510489501760 -0.98567247675352187564 -0.38243189055864568182 -1.06999008361715941540
+0.27996164401288070600 +0.53543209544143732792 +0.92723601583560943951 -0.14016048866539487783
-0.75210858661369428546 -0.96794887217599923090 +0.16469782060791415823 -1.57392535407700218109
-0.51618092506398682850 +0.28055829994376213499 -0.73052210776768711220 -0.06212064398330485737
+0.85469530292990647524 +0.40383186480320221179 +1.08874841798007482296 +0.34566873446122925451
-0.56821571776592905145 +0.46352467095969140942 -0.38970390865707149608 +0.06988454139766187012
-0.53508612934047827814 +0.50420994505104221872 -0.08791484189503018243 +0.08278433670027607327
-0.15199879472025390470 -0.31796909974262543841 +0.55382665112701623400 -1.16269276614545558068
-0.02415309262437848048 +0.79203835043480963485 +0.04656554279424240939 +0.21757615930472984367
-0.09992472207640368254 +0.65522820212952792573 -0.07358240499065882290 -0.31292375733161481577
-0.40060130048098541167 -0.05403452466474023552 +0.84036235557533522922 +0.79499154333326416122
-0.62186639017193257040 +0.19076973995811319362 -0.46258949141263128180 -0.41821494914117551822
+0.27829295686098820539 -0.84407322736678169761 +0.13258962745676888817 -0.15826909599497113179
+0.07261321456940739161 -0.23564901067990295935 -0.12206284316453275274 +1.21007020080862726097
-0.85556121218770342374 +0.16859362812409117716 +0.41332025498212976444 +0.02070317920449385451
-0.20519659917972288277 -0.50814689498427711989 +0.98744819340786926798 +0.16595548649133759489
-0.35680488545375066423 -0.08431760686363753976 -0.81942598949849365653 -0.50066000203829497117
+0.64727437182272873351 -0.67559258410683220575 +1.21102467955883685846 +0.36731272777500728610
+0.91680640722160844369 -0.60597648190100295018 -0.02942802867395244437 +1.70746457037856202987
-0.21434118270370028370 -0.34267894392706699236 +0.69130520214308477378 +0.04036099237804069428
+0.23405311505016834772 -0.05816313034197295728 +0.03932447452636600449 -0.77271578644321980978
+0.17851180910885755537 -0.39364012956202953930 +1.13412314099177469195 -0.07809094514044401247
+0.44717128744544809571 -0.42142560835076614545 +1.33097275360049627224 -0.22392485285368735060
+0.70582544584727013870 -0.84472366640283014227 +0.99410650392791222174 -0.15838263809790875669
+0.07071863541862088987 -0.57446219113007979118 +0.35963982500880187221 -1.32173506087515102436
+0.24531233285154563362 +0.85218934199513363126 -0.44783497095996005477 +0.26117231618073510901
+0.08977317189526812236 -0.61237785552794732347 +0.65217249968903967527 -0.60622716757276395860
+0.78252278766172156388 +0.40846504885972989563 -0.19410814249618546512 -0.39532480432339522913
+0.67574851297111027115 -0.57166710495906136735 +1.49310203029529020569 -1.28913506257378740472
-0.85994485234166417875 +0.71325361506713824689 +0.03175926444245869007 +0.56477948060412108688
+0.28099017560557237871 +0.04651588869510958624 -0.67501096090281809126 -0.92879215794615843649
-0.84180238184321232175 +0.84277837418586099005 -1.72085387669121936405 +0.54340323735569562302
-0.97358347141127410396 +0.39675893120075111931 -0.44446725517255525340 -0.41270694532344553984
-0.42367249435799858581 +0.71461743850728187688 -0.45443792528260806840 +0.97148359801079031683
+0.74039269934158280506 +0.53544631659077746022 +0.76337088119689000543 +0.45634351130753847414
+0.59374489546778530524 -0.99204551842590737998 +0.63859205592954282338 -1.28196867278945592084
+0.41862619531409506202 -0.29983148027491446364 -0.31157333090777683537 -0.64962068911658676917
-0.24714498350243685465 +0.96177332727145214974 +0.34049096517537247308 +0.59116195992067144260
+0.30135996410539900303 -0.76953242692107082235 +0.22942718208767454158 +0.16939533841744602860
-0.74802407142618387859 +0.94477137336978711524 -1.14760754033164569243 +0.23169449114631790465
-0.53432679530279703073 -0.70109875171614377543 -0.71222193923355692213 -0.21173540892704267868
-0.69314730381150568839 -0.59101702581439852224 +0.93845963666305132200 +1.44320636780953215350
+0.56239932779377155292 +0.00615068795518336486 -0.58421370956495533022 -0.51443890200791930756
-0.97663093015790702900 -0.80378985318312512476 +2.08915598125306933852 +0.44677850937581864432
+0.81735351732417993453 -0.71746795761472603736 -0.03673764438302609681 +0.19990050369655909535
+0.89170411678412286882 -0.14847413446301716000 -0.62926932907129162764 +1.84793639956571675853
-0.95600113650839046997 -0.97530804664126802273 +1.53685110286169068772 -0.46082572487280926143
-0.87905149484800704229 -0.29937513683016536703 +1.06946687023952957674 +0.40266953275104533372
+0.52911621623871885056 -0.80946587652419665915 +0.88988537035969816902 +1.70914852065414590854
-0.03076543092460948259 +0.25686615950350843995 +0.45775127901507717265 +0.39290706342021974873
+0.02297818185530720037 -0.07910280528323898608 +0.46278010355666954201 -0.82352218479423400233
+0.04484716046175751814 -0.28992315436354854086 -0.85873055073375592627 -0.23842478656331678177
-0.73019952622187189739 -0.34978920884167230554 -0.59671504064861624617 -0.98296870416606085819
+0.58763594867780932773 -0.37061136735078070714 +1.53241751065124320874 -0.35185899483279903244
-0.07193278201772446145 +0.93892776533851685095 -1.25955120195600445143 +1.21314239580314486844
-0.39958346890546181385 -0.71307688222346921059 +0.95634820168529943718 -1.39830962565230887407
-0.17789514393075989140 +0.48936334278910109674 +0.11733528383722124921 +1.23712406480532521869
-0.14602777216919982095 +0.88414863478375371741 -0.94217054507020359111 +0.71125392088240468880
-0.19134407232469441418 -0.44740723822706973678 -0.20728333794822106917 +0.30142667538322354126
-0.56553286559318638460 +0.82851819987132158118 -0.77376216590216295721 +0.10351220390521809200
+0.38917199292258297660 -0.13815693436341902611 +0.07090484415157582987 +0.37123146755234404104
-0.13346573371388426033 +0.77125830236255854544 +0.77960830064948960505 +0.94370707489254845868
-0.52847708486453370824 +0.24087809729405340597 -0.75435653805589941712 -0.69374052505543315483
-0.46191481733921868624 +0.86683774329206531029 -0.48148823569523502286 +0.05298045155384589755
+0.46742873155110831185 -0.04493765765467783169 +0.38497412263628283391 +0.08070984738867337249
+0.15526733454070318352 +0.65066789600106034186 -0.58063690786226995755 +0.25374314336336123432
-0.12140615715868796620 +0.44079434524758931424 -0.71067220057144053769 +0.38500600797658779406
-0.94309560589039009848 -0.73485090068653935447 -0.15864939730668070617 +0.14090436122429172983
-0.46458670799316958977 +0.73939182316723162103 -0.27755717548470970613 -0.22971850152435413506
+0.21903254071673239345 +0.53496453881187533419 +0.01660236505942558338 +0.04748927218550780260
-0.45533901792714015500 +0.81625301041435771587 -1.41451325583436782196 +1.35144171228643417138
-0.75843044433490325318 -0.64702345882429779245 -1.09265108809644728716 -0.21236282963238251043
+0.43604890323031741950 -0.45868567009826177738 +0.15970790313292204665 -0.56327355767422937483
-0.79614277290100377016 -0.17289471390134902862 +0.65011500073180394921 +1.05704334868510274603
-0.01593926562352665499 +0.74883391361029327804 -0.40540952404947083743 -1.13903593331072583439
-0.20822930030897657261 -0.72500599596610348918 +0.26440252067719638429 +1.57200336255259665030
-0.31826714877100714673 +0.50938840191576306715 +0.22845723549418389675 -0.93144639850473287535
+0.91307403436337386538 +0.17244877252998991324 -0.31659308758835269515 +1.16343764597711762931
-0.22587945319136570888 -0.93461862234948656081 +0.80927556502135300498 +0.90467172192254530216
-0.01957341835601633662 -0.81385729173821941274 +1.38348301844044851983 +1.05184430963749186994
-0.08245460891482547794 +0.12564750504335120418 -0.06003049868102798559 -0.57259700058836671133
-0.73590424240297314107 -0.39692475263769910754 +1.04759264861312062500 -0.89117157697381499393
-0.58926604341275257148 -0.05578833727100152018 +0.39576604963166261975 -0.55574856518211013245
+0.78444620858370939231 +0.87575526191083108429 -0.82690443736353047566 +2.21239281847089586108
+0.18702953250845988364 -0.96911032469158575609 +1.78258620505696807612 -0.40739383361099790193
-0.20243017565730681007 -0.48747526662636753159 +0.42495497497098982942 -1.02099326456415995246
-0.95917423790722766697 +0.53518870187207645550 -0.26277271165489396454 -0.51361228221126853377
-0.33422064376154403398 +0.43466062919191528202 -0.02202382723783807839 +1.16168385208874846981
-0.27634100009739537285 -0.10458788757596759744 -0.76778258149793532361 +0.20831351732146483058
-0.79760963028486542292 +0.96899523279245225460 -1.04736751692050478191 +0.80994748272965155778
+0.08736522008596003808 -0.93019158284558289829 +0.23653950148261371211 -1.00620741489382914402
+0.65174095367731377237 +0.57083957621127789928 +1.33389000119868228467 +0.38810654311108172543
-0.71611667966176129063 +0.60708968174591104727 -1.59722998094214152509 +0.73096219000713458236
+0.84040979930297199374 -0.25952257145276647066 +0.70768975706920933533 -0.26083621706520432326
+0.07146784254065785547 -0.56093269846692406233 +0.30012536600121975106 -0.75716478804405507042
+0.05114246775032360581 +0.59612859186060451755 -0.15648312857667567854 +1.20363175273682032618
+0.27963840441784659774 +0.90988787835870876819 -0.25773477874636419038 +1.60517502678158785479
+0.67888316469581311274 +0.94023392239166914131 +1.08553900079129017620 +0.68178442394203364607
+0.21869834418449740632 -0.70092091615612028832 +1.04097758517984684268 -1.42812221003439754341
-0.35276620043912143565 +0.80011547937724847301 -0.04152545962438169980 +1.24725943589605670070
-0.97209698480335049453 +0.78553559748463142043 -1.10290681744738683356 +0.09474102014458507526
+0.75244481644920457875 +0.54662613223439637800 +0.88207962436463183131 -0.26363520949750296474
-0.71885624480482257503 +0.93990689554483375368 +0.05183577122632843093 +1.69069541196371497804
+0.27004711318239804640 -0.65308443075807298683 -0.60983842819992961637 -0.26570790852380299363
+0.97225433072068789819 +0.60069534055277262752 +1.09991129301083723213 +1.45499265069472016876
-0.24975788663563935899 -0.15904775006280069682 -0.54785174364922606394 +1.12804298285525295142
+0.14917428139665367404 -0.07601583204824624573 -0.22726283981345904439 -0.82570465358397060474
+0.68214904752136851229 -0.18273303310019617385 +0.26028633714751819861 +0.70784698372604581973
-0.88111330128038023446 +0.12387250826122353509 +0.40565075468376998735 +0.31011318437076523802
-0.13272004223376265841 -0.00131364561243785261 +0.50552542748850015641 -0.87068799235747817988
+0.22865752346056189559 -0.19623208957713100808 -0.39056738153833958638 -0.07191835920383693459
-0.20762559632699928436 +0.60750316087621580863 +0.08851751943766668351 -0.24342337718308543204
-0.53737318316421078812 +0.69528714842287908660 +0.36986829077802452215 -0.75944641352059016892
+0.40665583609547706345 -0.25844949844963549523 +1.19868342083347245719 -0.27222732863482163035
+0.82227924099534943636 -0.72720129387827725509 +0.14352819917393519478 +0.58685621176749824812
+0.31124074081473973585 +0.44714395651880822768 +0.58020762093872846332 +0.47838606855440057863
-0.13080983264403633903 -0.69079457734004634517 +1.69491777724879644218 -0.12070039706724666750
+0.12963480791542725257 -0.81026134173189934273 +0.51907115366315714766 -1.39985751459613805281
+0.77069201603115100596 +0.75078851641888122437 +1.34358265693384915096 +0.67030248893263044696
-0.87988554138232766277 +0.38737652223426999321 -1.46056641202544312819 +0.52120040368282005705
+0.12765696229014933394 +0.85429731014194754124 -0.87784395673052406650 +0.08395630632059561393
+0.77820967193802959017 +0.29042663855671402295 +1.77453550884026478585 -0.06832386380591848329
-0.48748973897861413995 +0.70443859800210661959 -0.93338934613696888931 -0.24982275084982252800
+0.82591298355433062639 -0.74321949478410598289 +1.24720772005382629644 -0.26943078275743492789
+0.31845196518344232040 -0.47305630448809155020 +0.77251421979094403447 +0.26317471348261856079
+0.72324285091792539504 -0.32320669279470881641 +0.13092898950908771205 +0.53918104542553346725
-0.74319794840229569388 -0.46880579530359445251 -1.42729581610712585871 +0.04275309687599238018
-0.68917928212103163332 +0.61935121810825788380 -1.59197733533069740730 +0.18429608301349320598
-0.88066388548084506560 -0.54668168906391323425 -0.84348345872574093107 -0.36974371708983322371
-0.44467851362590415931 -0.37100687840606227930 -0.45023451024706395707 -0.71061994758264734884
-0.64256458804176896926 +0.24753361886979252660 -1.52471350958429785472 -0.65755295199915075877
+0.74211303674310169498 +0.33106097263415401599 +0.32506168546222613536 -0.32321134657461936257
+0.09418491993723243638 +0.92964589182291357261 +0.22962016543442875793 +1.67945481515984540444
-0.66382902560983181317 +0.52058018535120664794 -0.26821549603426886321 +0.08326692349864428522
-0.64512047280983453312 -0.91371507102865057171 -1.02380647756399190129 -0.60362827740365299078
+0.34347061831342418081 -0.25000194124259711437 -0.20164157822948336474 -1.00881996085682246189
+0.49801325639472882045 -0.91845603830790345512 -0.10939909625769628221 -0.33398837831023953093
+0.99632583690223519568 -0.35875050236263250625 -0.21811616496420560551 +0.64917714091934652920
-0.44589960715835474936 -0.95426134885192914759 +0.28280531766642785785 +1.63494232468854949758
+0.42129473649949567005 +0.47378871202667105500 -0.09191036087347448369 -1.27920967275056929324
+0.45406225460750171408 +0.73623101797071011099 -0.78459987430778099782 -0.93014462106355788595
-0.59231386140883768299 +0.86238773822024228366 +0.09189721038861531355 -1.76858093423073459149
-0.68409786770483016483 +0.51155889217958683268 -0.84797769223022478879 -0.49552151666940225105
-0.90279805320966577398 -0.43505513509476467782 +1.05589281321639805178 +0.20614583195950370031
+0.03718042675510413453 +0.17693797197408001054 -0.88877805457211422890 +0.75903699847611538765
-0.00555599662115979775 -0.33961306917658506954 -0.03139380921684382236 +0.43912251700564747248
-0.88214892154252888545 -0.90508657086894328536 +1.08373233120376477601 -0.45984583172626053438
-0.41705135128087555962 -0.65427231920877337856 +0.46673625429918375040 -1.44799897907415275888
+0.13543524549719632155 +0.74980892333693183183 +0.17244642744559229852 -0.06561367429342043756
+0.39561352957556294996 -0.43731326185256236272 +1.42647196722423741377 +0.07180606281569412719
-0.37868600475415736817 +0.31008679362499758092 -0.45837572320267094828 +1.16557712146227632211
-0.54511219654290754555 -0.75881801961422534752 -0.62622799231401915510 -0.81013068211853167533
-0.60741235265242510266 +0.58446765999766392419 -1.37739103413444707869 +1.25838760290770257377
+0.86675765750636557527 +0.76937527697600249788 +1.33654734578052813987 +1.07603475035276807681
-0.28351418689374074944 +0.93587791432519007451 +0.04466082102101665008 +1.19486374526346383895
+0.13573259346151589355 +0.70430693029237834146 -0.29775917385701511364 +0.03274714417243629327
+0.35251632818237821354 +0.57379415640235897911 +1.00246417306844448625 +0.94363247595220856034
-0.60063256728614788926 -0.77101964189469573974 -1.44086312426814711074 -1.56595988049290624211
+0.89124067430856346306 -0.29440173618258680399 +1.66895309530943003473 -0.41392733290187178063
-0.21309602327368515340 +0.43142400932099311817 +0.37082966010520057587 +1.12077365315432309067
-0.16487544586846314409 +0.12494642544424938713 -0.31954858900627591822 +0.45842250264333328502
+0.93889350147576067229 +0.57674581605159014330 +0.61571553779020371522 -0.38112794103776947985
+0.79191200934908301257 -0.21554214528797310813 +1.30399482723649295934 +0.54420856283848118018
-0.53511609633492396298 +0.57989702749810256854 -1.48664110144597749752 +0.32540534766508355524
+0.97051572188489076964 +0.42867317144100813842 +1.21324798831031310797 +0.61670939366731025721
+0.01169966013488887846 +0.84848359619097402096 -0.76993501467980562936 +1.00037439145028694831
+0.51460890501047784618 -0.40222647647085940648 +0.15153628665649909735 +0.19159285250235735809
-0.89372256299476182662 -0.62473818558427596237 -1.67885792805042055598 -1.35685203346494787091
-0.63647012114957979279 -0.68212315706853998698 -1.46387473339080642631 -1.10725268219200545516
+0.46978968827416256460 +0.30665947337676557893 +0.39696796923220301068 +0.46271580359923691894
+0.32817500791475739952 +0.25898583093827376445 -0.46788066392894112067 +0.78322043379802230856
-0.43349176731853100719 -0.67155978611994204819 +1.05241613385263388381 +1.05330236658015174989
+0.64994784488606627271 +0.36983831954984958124 -0.13399347607070458133 +0.33482717763848446335
-0.84023055698199922148 -0.79494023859821050237 +0.18633577940949108687 -0.15250694713619755705
+0.77771242100086657167 -0.11952559671928497664 -0.08233127773949608375 -0.19155127031285054673
+0.58392568337888572927 +0.68934964383332997251 -0.54329921699346361841 +0.63764817464512324463
-0.15467314313781277413 +0.33347607719908389790 -0.20651318349455416445 -0.03067584856112354208
-0.32317796368555695707 -0.95787375708935962315 +1.53461957310464036652 -1.26207146520546786839
+0.51208281788740994678 +0.75975070812645428830 -1.01114484178583108331 -0.08418215514737054095
-0.95152500511105353453 -0.25449167983301901330 +0.61152185835860473073 -0.70401840244376101552
+0.24273226642542233833 +0.18803622222630211880 -0.20425251309743563954 -0.73882055349135145050
-0.78163467481469450782 +0.15189079525931292736 -0.06840659477192662097 -1.05353758125252650046
-0.36307261835397874883 +0.59381932897321676457 -1.28313891616979303123 +0.34056809129555909443
-0.78513536505565872936 -0.73211384788067190854 +0.14141237666584632882 -0.05764765507436034331
-0.82740461224122663353 -0.42512952512346546818 -0.23740270878464064808 +0.21480610003084577020
-0.64775277762054783715 +0.36521137824414706685 +0.31969193451028155017 +0.56578443668683564560
+0.77092000272870220279 -0.43036215403822231096 +0.12948610247657943439 -0.18454891938975892529
+0.95048487576701945478 -0.65723216443108434248 +0.89735553886674290780 -0.56484985801074660827
+0.19946600765294486557 +0.99825622895199117579 -0.13128284446836002708 +1.85039548507130624522
+0.67103885154264553137 +0.94820709398743407981 +0.34747762287243988411 +0.74643487527596641407
+0.98862316344437140003 -0.65126988030520194251 +1.87237903804841177013 -1.23036195086237332141
+0.92129697721543335476 -0.55215567239246321485 +1.87642758726663827495 -0.32265036885417930357
-0.75605421257892513331 -0.11209113839542617086 -0.97290899733143820782 -0.72115807960080680061
-0.80080941925310278329 +0.01677610201868895423 -0.62218169272356371735 +0.71616829803175585667
+0.83286699689157317472 +0.30977670925857347939 +0.20477373764270967449 +1.03699846610894153009
-0.21743183156696188618 +0.22592157239681753822 +0.50257831816659037649 +0.96037760512225567311
+0.27685900689900400096 +0.40808190461656645986 +0.04054918427652398627 +0.99796363564094603404
+0.43873239197031743686 +0.46017121948833739076 +0.29338708745112973553 +1.15009660285789894196
-0.89615149125248283468 +0.37979225484292711279 -0.33502988383083254220 +0.47989665887575561065
-0.39298311537408303629 +0.26262563523535398247 -1.11233235431494614787 +1.09300902688218015690
+0.35759975418710143735 +0.55336368724782958317 -0.30668327804036232820 +0.37211528813867000842
+0.96744471213082938732 +0.20057305844268857875 -1.61519748975137722447 +0.16463831980145848810
-0.64143390025212276839 +0.24581323464846338567 +1.25330064444200339757 -0.93871944593260625567
-0.05312933690027654698 +0.09238230642033773421 +0.64035359095703836552 -1.07661999857242118850
-0.33074885212130489265 +0.85213925611931506943 +0.52203578453644539081 -0.17307977044886097007
-0.32356122867020564726 -0.20177221871146766574 +1.51644663152241032655 +0.10986970892463365779
+0.88375587460404037010 -0.57909207055717137891 -0.00175251139317406796 -0.12729380657581540470
+0.95513061005120492020 +0.22950530353828391128 -0.73510814777396793485 -0.26787050431169134868
-0.21685478475251307451 -0.60906694120538062975 +0.38223396212276822270 +0.62579403140878464562
+0.17862772652953906594 +0.69939219601306690244 -0.68261609396619982171 +0.97943714580228036226
-0.62809325924886350023 +0.72722175685036805071 -0.69444316492220181658 -1.35144882569547619688
+0.72001014973355226267 +0.73445603272543813489 -0.11108106438892989543 +1.06069117219885322712
-0.23630982262248001469 +0.58988173102437957418 -0.43626235738850510648 -0.32568171579040955388
-0.14534530451918770133 +0.68992538336956155121 -0.57546602722461825952 -0.25054457261645440846
+0.56112160742165029248 +0.10010440403282849786 +1.36706454284780631880 +0.57706560606087009546
-0.71934923894086311158 +0.83038339164682617444 -0.51879446862372158300 +0.39964486222498307733
-0.66428303222746376555 -0.18124839910915957475 -0.85893188677813869791 -0.91985616292326444210
-0.17586314198305519341 +0.34339930821926367699 -0.22831348938049833563 +0.86098440942410592314
-0.80218624994016707319 +0.21268308096587151823 -0.45783303707182487763 +0.56396077166568359118
-0.60324090919019490720 +0.64841593097146921210 -0.31739195898814931418 +0.03746016306017319053
+0.09939919861608936813 +0.04195765236443538271 +0.92797232253801253954 -0.09530597031382925799
-0.14072809531450958254 -0.90978492808832256422 +0.04077149026872461945 -1.60046704355834701339
+0.06477928320854497990 +0.59577747039690187592 +0.08352455217763887774 +0.16253795707121043712
+0.45642059723121874981 +0.59486071155398478894 +0.25987687063595288350 +0.29004038300425261099
-0.37679298536684635579 +0.77900833229468324781 +0.10604836696264219320 +1.71940540494365690094
-0.49691082545414699823 -0.60801562829733035720 -0.69121122527751532871 -1.07382622510855618714
+0.01851269787685927426 -0.11959387293224965632 -0.30914390875681307946 -0.06173622357565644592
+0.86242347445116585014 -0.82572220890573522212 +0.00173722615443883122 +0.15046711657959765951
-0.61942398144225596646 -0.52421683345036274027 -0.73248576838728718386 -1.36895496217511891679
-0.40810020165716620610 +0.70027626025971545509 +0.31208284169576727685 +0.59725103256436296029
+0.24663662345214776295 -0.24595067411638460442 +0.30003899558102253842 +0.31531636039319010933
+0.14712147047639656527 +0.16214661029065702280 +0.88016688651271790533 -0.02539676282961123022
+0.17463484553474728500 +0.16414827754396177362 +0.68962276724763804658 -0.03498517938648326719
-0.05245034739744314223 +0.51758510120484224615 -0.12341279458561205118 -0.17418579298557856916
+0.34435321286834219556 +0.35127769069981207295 -1.15154749556639157682 +0.08774719983737280793
+0.28584895020204559302 -0.61095576791129602157 -0.33947123929310235591 +1.50374769549741360564
+0.82857312392192317141 -0.13726362267826464070 -0.50671595543164549280 +0.55412437167556860551
+0.18149958558323420199 -0.69068211547002444917 -0.38277846282720467963 +0.07292029367487171121
+0.01874526896909389784 -0.43323951332569143879 +0.88117148053599003710 +0.53341532143963887869
-0.19654372659526586631 -0.30482032854973217795 +1.08107552738857148888 -0.25896734580600322406
+0.48284135232948854899 +0.94039707264897365313 -0.32599404069917442550 +0.81163132362445544743
-0.19430039982336833049 -0.46581059681122582994 -0.14220503147739851912 +0.30261042563486978407
-0.32765660663367235372 +0.05785764935659321040 -0.24157612214496990144 -0.30489868375795170508
-0.86068624829672701892 +0.97618932548533288163 -2.32415472909518872058 -0.90238411423537545630
-0.11306178694503121740 -0.84473812872475617652 +0.54782347951526055851 +0.24295268681826309720
+0.72018304335293348295 -0.10302522769535249481 +1.36583666312599327775 +0.22979680411659031414
+0.05340237212887477547 +0.56126703450957471375 -0.60913453848384901956 +0.56382179722841352376
+0.73304541603632134006 -0.18754337312026825302 +0.67514370402147938499 -0.09884803183978846386
+0.51498792171289076158 -0.19913345693044504081 +0.40468603780103395984 -0.28990178660290910617
+0.68291186520927382730 +0.45974460987905896303 +1.60915371129417072993 +1.40402366418892854405
-0.80767213379114899396 -0.64307332964842633949 -0.49779696876497414593 -0.66880771301742680812
-0.69858567611595656643 -0.07154550882923271793 -0.51025706529276071421 +0.80060946615105788027
-0.24730174392582338072 -0.25447256801177386976 -0.44037171294296895141 -1.07409527728713127814
+0.09176075662831428836 -0.03169914794085015863 -0.20410492773050181725 -0.07738387074146935163
-0.32300584022651324112 +0.36012933892880316655 +0.26040890122737914147 +0.39634056427041075565
-0.81097419031766304620 +0.30700638790016410162 -0.46539491165534219164 +0.71160906104132437555
-0.00046829347908983188 +0.49489810746831519594 +0.32433013663734455712 +0.65841155402113393791
+0.44392072419862849131 +0.86758984381726733659 +0.12833653881135176356 +0.67535516293262465304
-0.53863992440043251264 +0.70713319525745288452 +0.25057222417052127383 -0.04839012882760340695
+0.63597783605550683994 +0.35658489436432505570 +0.18125148324739970285 +0.77606711700579911195
-0.16153387346630054822 +0.38723189128282142768 -0.29383176771946595274 +0.25839677646539560563
+0.37061678395012309650 +0.12524016139085003552 +1.08702582223838883912 -0.77956296623016108072
+0.29548749201545754239 +0.17879342262450825807 -0.26836587435836101179 -0.08520403490939898461
+0.29108450607761282569 -0.56833224972450557821 +1.11330125586670036775 -0.59903883164853577448
+0.57586894375698638449 -0.04964771783265220506 -0.20179320902902064816 +0.00959761456788288392
+0.92624184608489690262 +0.94427905430986958102 -0.24332998087562307532 -0.48453444443081061799
+0.30987516502617484804 -0.02573438336900046863 -1.21651079465856559736 -0.38745428913160068207
+0.18832861082319585222 +0.87215497498029059820 -1.18054049706757924199 -0.53245815826461573295
-0.19306996901714557069 -0.81962270927535740839 +0.26888852282046765696 +0.50003472866934028929
-0.29586568435881610561 -0.04568472280061919299 +0.28398257980754121332 -0.26420399017115725471
+0.58341474145389238259 +0.03621122534160758910 -0.23425222543904156147 +0.93362043148197471076
+0.34557927866232085456 +0.40460267314116027393 -0.53276106158405156510 +1.03116759683492320576
+0.32479843011643438899 +0.16351344655281874196 +0.26156080773961098984 +0.38366675491010149290
-0.31558418538727672775 -0.19223468088464268355 +1.05982452468005905466 -0.75950490961639582910
+0.78921214857095378648 -0.75552332408505629147 +1.69360307299564283312 +1.01698763631091759763
-0.45472635280810713709 +0.41948222264147405625 -0.47550397696958274230 -0.98360951062662449473
-0.13229789425316540452 -0.12883511481742582205 +0.44533667325792530844 -0.26240263854882872607
+0.71640903828826574262 -0.90480312762101111623 +0.97286264247938603056 -0.48383854669368098200
-0.56385336637381855418 -0.26399745753390724268 -0.46851437793163397405 -0.84559136237311238737
+0.82221674978908754206 -0.03070658192403019626 +0.28496177317560911213 +0.69995686068250317913
-0.77766215278600703265 +0.05924533240053508898 -1.34876735630120592191 -0.15726011660373967471
+0.38894687390069782040 +0.50832122256475886779 +1.02946573463345147914 +1.14234442307779926473
+0.68708819034583457075 +0.61786917629160886811 +1.36220703096167405910 +1.14727446979932401483
-0.15096088796412843180 +0.47305507287390979876 -0.65442884731066586212 +0.81029185340738218990
+0.40092054422008938097 +0.11476639208197880748 +0.05957265701892811016 +0.60497680163558720245
-0.77283749263130130380 +0.67293353766704289143 -1.68996833068818164136 -0.00748765732037970366
-0.40503044513814856487 -0.69604544105109322771 -0.04465228098651441435 -1.61530001302704318000
-0.40776245804399002814 -0.39105932003034316047 -0.97982585878969730153 -0.46861045480472185432
+0.60247675378777176824 +0.33082957777894650420 +1.44311014904795964497 +0.93771683053879550940
-0.65365493922514694702 +0.02543844867074240845 -1.39048915892399227445 +0.84767128877220798699
+0.37142288778704646290 +0.94499638569746036154 +1.19329669343484634503 +1.17571597239165792637
-0.01804779204633244483 +0.11252723503083617018 +0.00452235247241072891 +0.29414314138069719284
-0.71788184713868763431 -0.13426988074918977389 -0.52140589265077008641 +0.84102545008687012995
-0.98714667066535177753 +0.73310610748356697108 -1.67421216498796021632 +1.06551484163960408225
-0.27394815310207865089 -0.71943775741329063500 +0.53678210463195963342 -1.62305147460523579994
-0.67327991651825902508 +0.01464561141620102092 -0.13212124577848260998 -0.39526517265697402870
+0.97858150668826904273 +0.80765007344459527339 +1.94454010160460599721 +0.56006600753721169639
+0.64051886073275365874 +0.63402320051304039694 -0.25157198683205583833 -0.12570197794828152915
+0.67511884061583948835 +0.52940529350771514672 +0.02899780941058803518 +0.08442896978850703005
-0.50346795934653743032 +0.33723678053347239114 +0.37764947860643888200 -0.00941887557833759326
-0.34134788720116127081 +0.49021040955360839497 +0.40858812461789995041 -0.72455253706065292363
-0.91713083805688033756 -0.68042119498742259509 +1.05899711185369760358 +0.85493550576512633565
+0.36037816415163415051 -0.91925457197594995229 -0.23964662985218246338 +0.76042234850354062381
-0.57206340074570727339 -0.07755113477437869385 -0.22676854694469322782 -0.27176866653783610106
+0.84063339526018787673 +0.60688725275984900520 -0.31721536003421724192 +0.17972434768735268129
-0.73683421969884532743 +0.82223284010146557854 -0.79679439143311614480 -0.08317928045077491173
+0.82187380564779988212 +0.23071958669419756482 +0.78843078522364085092 +0.30244713903023756618
+0.02257014451874317373 +0.18161590634986102266 -0.04828579797743568630 +0.06396517012495958610
+0.19647595448791754791 +0.97529533083605990385 -0.41457977933373502122 +1.37670212999154228939
-0.68706549432260843879 +0.33240873415603711116 +0.49552526457885365252 -0.07114639520652801807
+0.81073025773403828431 -0.90361371719194516494 +1.00419981864269614036 +0.44947832353999939148
+0.54115867073977641510 -0.40991078407317504961 +1.28446565292169667671 +0.07250656271444527734
+0.96595859491633695448 -0.24758406590738357700 +0.19348560193088840120 -1.03742071918819678267
-0.38715651276799989411 -0.59224979574738334520 -0.03254016802962156341 -0.96709171314305142353
+0.47300314317697811362 +0.18967618175095446453 +1.41127022373081500994 +0.46697448264712781985
-0.10963414026836693083 +0.18392366708827645461 -0.46096015161960712803 +0.58391603720449669623
+0.86424541686263411933 -0.42882729858649715204 +0.95297531959952230807 -0.77149386900434691050
+0.69881540525896546079 -0.90725337101177805366 +0.16776949711862987336 -0.81898282982562542465
+0.38269321471603623408 -0.42291652868269791199 +1.27526441146273317173 -1.31000404541018755644
+0.21219369983492741838 +0.51918732878123141639 -0.58298304485037699685 +1.46649470358742761711
+0.41252860087648457466 -0.74858206704313223767 +1.18576020148270777632 -0.29461253491163796880
-0.35979786807294145135 +0.08225101729481965052 -1.09769545404141877221 +0.92247052676700724838
-0.02698604415014993485 +0.18891492739266180223 -0.66247087675570082155 +0.90555227870294507930
+0.57008267596368411567 +0.46403911073620141003 +0.83345705229150701676 +0.51265393815240134501
+0.55314440394600050688 -0.73626013506995913183 +0.78245286936624869334 -1.49663440889794241428
+0.72856200149591177073 +0.87308074124549306383 +0.58154908514058289981 -0.06727271129069434252
-0.74106021881975792098 -0.96861728314692396857 -1.39368063543222375777 -1.56898528424319061436
+0.67548352742651363023 -0.10268816286455262343 +0.25643330065462399681 -0.74903456353613884211
+0.36452359322775951256 -0.42518658070550574557 -0.28145934488597457168 -1.02235166554236922565
+0.35461634473837833070 -0.37484191739566807833 -0.74177285750637822481 -0.21740787835171526687
+0.93826708055383689633 +0.27729830089617335531 -0.47341824872143245528 +0.00483000667167683695
-0.35132601135124019720 +0.39999237011622024163 +0.14060825996431536300 -0.29211292714552278271
+0.08872990273688818874 -0.34266657041784975846 +0.59694924803352789056 -0.50249336214568784964
-0.53104590814033558743 +0.08827054118615262901 +0.16570156545248593272 -1.57358498377454081307
+0.89257119674669693765 -0.88708751672748964445 +0.10267104219561351552 +0.68182763202777540990
-0.79517674468530441523 +0.94730737480619620072 -0.01002736863172321025 -1.09452338402595628075
+0.77323160060622320167 +0.45396953213149426887 -1.24981457176229748818 +0.11916601403969223627
-0.73789758596847732086 +0.84021950947218759786 -0.75796849218824557948 -0.37809971787372936847
-0.63548483260555088670 +0.71663735131028327707 -0.63629461011928889480 -0.49385311722244168431
+0.26337437632782290109 +0.04861482741619993497 +0.26642980781210018337 -0.44233751112319813492
+0.22930846542024818646 -0.76037427382798328246 -0.15986343423391102814 -0.28265683993817669606
-0.14701291635532887092 -0.94035345253618740635 +0.66316665372706495862 -1.90141657753667070452
-0.65262041661246583679 -0.60036800109626664579 -0.13105333136816249562 +0.35532260930399023335
-0.41905022677188963343 -0.64634640067158621868 -0.80316833271546861361 -0.92113465244672765309
-0.64598293811373408424 -0.59716508483686348008 -0.95753858995995699832 -0.36581402994496220460
+0.71684991035894274347 +0.42418081973621335479 +0.72882312060339282667 -0.31288187960008051469
-0.24192858961763530345 -0.65774429790760291503 +0.28749015211661332891 -1.13844591627144242629
-0.82531787916740606548 -0.85705749554256249745 -1.42703048628583228918 -0.58587708861595544363
-0.15613985115918760371 -0.74581556270158677613 -0.74786176319592834183 -1.54654091625913236996
-0.08920470675105152125 +0.58790301171772707534 +0.84953161876818961140 -0.24645692994392143227
-0.16724233254135145721 +0.11242739085386843634 -0.95195162000188249252 -0.73623798215951641311
+0.83882894808744778992 +0.22474356301867315366 -0.00516222050592674009 +0.88700345446854234055
-0.32207771202835777657 +0.47649140953074797800 +0.41497703438935551468 -0.21922734041051650244
-0.84273140875875429678 -0.91167184614704033230 -0.15384349247458883880 -0.75088061698821539913
-0.16617748952096222936 +0.31353328166865512827 -0.36452223562651231425 +1.12536888608646234999
+0.92847848491673690141 -0.09904717141594110430 +1.41779838672677382938 -0.21182223541532474442
-0.52084931261418132564 +0.98173657020579296884 -0.96241253604177723346 +0.74026238927450616067
+0.48523760477377497757 -0.68060707059401304164 +0.07984656059846373388 -0.88487108437995720678
-0.04515418475090848816 +0.16667263217316286017 -0.64965443120081189932 +0.76391512447773846084
+0.14298696963265444815 +0.97298992029184017127 -0.64674518497369448689 +1.16713413695906620404
-0.17831684651284862575 +0.18956446308646479615 -1.04272093481441596730 -0.79116530512722338386
+0.01197321024445008320 -0.73706269933629386948 +0.70487670011449266028 +1.16124351907250722427
+0.52941874173424863237 -0.48070161836383951126 -0.79106542203111529510 -0.02315845483710418651
-0.60171260711842622371 +0.27118040692660705382 -0.63834228725584341024 -0.95678587288750671647
-0.59172191203674073812 -0.80072535355754559383 +0.39267949258258721956 -0.19634060455051932648
+0.93873632551924113265 -0.83435994166164850760 +0.27882770441166193631 +1.73255585353917562763
-0.78470928746053103531 -0.84866537301338484944 +1.14216568778620897184 +0.02054952113836272520
-0.84399116859337453000 +0.66225989144986918689 +0.23977499729021073405 -1.72215331298466267640
+0.73705474641771329125 -0.69571874994126448044 +0.94305997760520188233 +1.26746838269942441180
+0.68888791628416545798 +0.16079122915882493317 -1.07246307526180095770 +1.53161932507377396284
-0.19834474610555008489 +0.81183560441780722172 -0.49500310378644551967 +0.06566478885342025285
+0.48931990181003692797 -0.11277506399938364012 -0.15537579496828518577 -0.41098306350632041184
-0.44156322342759590782 -0.24147418093128680816 +1.06111156003258200187 -0.61365550824633041671
-0.40539104417531124369 -0.20426401378594416514 -0.96659496284366797081 -0.29294415150908487133
-0.60450024644990341116 +0.59724249230457560067 -0.70429105058603636014 +0.04724973286884542878
-0.78973215460634893503 +0.19414421666722603277 -0.56366876137459442919 -1.07649576043109629353
-0.86440408830156734155 -0.98072976821368818001 -0.44459118944999964640 -1.28165633670773937425
+0.80975380756544468319 +0.76881456395682001848 +0.94974035266289047463 +0.06755121037608335932
+0.07824735733949705896 +0.19338859344527925543 +0.69134457100960422515 -0.76311214481053868397
-0.95300268338715588001 +0.66169241353595187327 -1.51903427959853720708 +0.92116515851554159333
-0.41164235649625191549 +0.31776826088072063214 +0.04740338274057753765 -0.26777950941899675286
+0.70557215962794850306 -0.97580719319350550656 +0.70900347384896811320 -0.10192139742992711859
-0.65667833252077012496 +0.28159866619484019701 -1.08359968576939302842 -0.03561663738523912492
+0.13650386738042596946 +0.49518898863456528581 +0.94724699261982236997 +0.30666035817204351233
+0.49213585429194894871 -0.64353647238735778302 -0.14621866600689270577 -0.44694485316054000101
-0.20997504021779711536 +0.30039694620443868622 -1.12519081326657310882 +0.09410924471904835720
+0.70943879946027910144 +0.82087668724906071027 -0.26087377131137179376 +0.49070893348825772584
+0.60053432249391458519 +0.87522216556488552364 -0.28818983517938279171 +0.98426056419263296959
-0.62361020597295402368 -0.99524703683099335905 -1.00516018175090793285 -1.48194488537391655392
-0.40761526885956467225 -0.27394406920407909922 -1.01418082639394158129 -0.93270851673580112973
+0.23571516459641550512 +0.65000604567836273162 -0.48229691767894067311 +0.07230877603746188598
+0.11392414676130679929 -0.29920822598335861109 +0.99864691079917022876 +0.45386018397645577771
-0.49403764701668362314 -0.25730581869717461529 +0.04690807958072817918 +0.42069880527297764949
+0.13998654509744579144 -0.70126335358073665915 +0.66976726246799889175 +1.47007791753755667763
+0.61309721367010716619 -0.95650073825581793940 -0.30024058630593641883 +1.23213856132804222554
-0.56603159621138132707 +0.25947274497958972006 -0.20359186378370372483 +0.51968994322063666313
+0.45904573923682945313 -0.58554777029971738500 -0.22209519544904643418 +1.23480821846849053713
+0.00343131422101961014 +0.87388579576357838796 -0.81144190249542913485 -1.80441900872839000591
-0.42692135324862290346 -0.31721530358007932193 +0.37024948078741060087 +0.52371916319580380517
+0.81074312523939640052 -0.18852863046252177348 +0.37365252088747158421 +0.88456325558800041886
-0.63835452029884165448 +0.19659161922681778201 -0.60343753472542660532 -1.27266917894879583173
-0.91521577304877599346 -0.20628770148539032903 +0.50668464766953946743 -0.70524073284555588437
-0.97031257077165089520 -0.33016775376080298443 +0.80122420904626900917 -1.87203304933805481092
-0.88872415767329737690 +0.10903839862774744596 +0.13794695348638996713 -1.66910126220423205012
-0.38154997577795390917 -0.48669784854292319487 -0.28836173790930275107 +0.48380051680464131181
-0.60656555753437690903 -0.65876444753172203050 +0.13143000079545452685 -0.41278819730090166029
-0.71801208227535617823 -0.57769726964090084564 -0.11091980730047845682 -1.55066046838756577131
+0.88472276403786342946 +0.75306840995981438880 +0.30943623141328463477 +1.26714870699380677266
+0.54094572659741180232 +0.67800462397015226479 +0.83262644291814158493 +1.11925395437034214119
-0.29827322002239431420 -0.99713811682972619543 -0.11619156536538444158 -0.85023642201256843798
+0.41222138235748850832 +0.67701190190100701827 -0.13231513160931696049 +0.19792427358995023923
-0.95587496378882486070 +0.23048378572862593394 -0.80054908300068516880 +1.04154660484378669416
+0.15512501079216534094 +0.15341855385594937999 -0.23640066890008482048 +0.45968522296534675142
+0.99243040875330046369 -0.85164348929003574895 +0.71394814476778400980 -0.55814628151996981131
-0.79178012972617262122 -0.37794287776148460800 +0.04544390010859622464 -0.93876820973493102507
+0.81414060979471991608 +0.18381075037109839698 +1.55018175154315107633 -0.09388535082694016154
+0.14732894319543143880 +0.47060404460692661921 +0.96204627071431625396 +0.15633423580901228966
+0.09313858782708073214 +0.51933327403474272010 -0.60500059613671752778 +0.97040203257947665882
-0.83192278045055334523 -0.25735978663240577369 -0.42859432316627210646 -0.41961503109324937988
-0.78284094321924180271 -0.43521366606555655920 -0.40337878832534257434 +0.27485863782788300114
+0.12257748434720516784 +0.89737303319591577022 -0.65592240808457380474 +0.41446030526796739935
+0.27984709841231736327 +0.94580069527851451383 +0.13911667023479745708 +1.23784014150279864097
-0.18431944264172628323 -0.30264625252083066087 +0.38211212254957938050 -0.75727976981332822959
+0.86653299755693491413 -0.93777807651199940331 +1.68505118638379824958 -1.21475118153072192406
-0.14606859403451455393 +0.12316085017190747664 -0.31248853362841000347 +0.12783101040483590971
+0.18208165465700987262 +0.14690169481715775746 -0.48035487467940418682 -1.14403981164688395289
-0.54453651396680546881 -0.47908762831105677904 +1.16391789125960021245 +0.94723119582351622547
+0.15532588078813969190 +0.81106281911516076022 -1.24879369407027751571 -0.11114693269232528428
-0.39152567969225016142 +0.30626666910939737143 +0.36960557466938287474 -0.43079141462769987569
-0.27848226398551645389 +0.29349720777006593764 +0.08893421686107394475 -1.70840772149470399022
+0.83722402983476884586 -0.56082533197344641707 -0.75296501719043407164 +1.45607150470464485892
+0.73604114174843116025 -0.27769610119803855852 +0.45626410677854534192 +0.10445652598065301164
+0.81471732751888481516 -0.31426980879791432955 +0.63959170760567696234 +0.80768599644322625064
-0.69813918396379825992 +0.45106875854473393872 +0.06826451546724401909 -0.79127777179284286557
+0.40332845728428123877 -0.16225524446084360619 +0.14770842671896561304 +1.23007020732286309617
+0.37946215489389922837 +0.71007230389343956034 -0.61331212742856000553 +1.51211000896673453120
-0.77849989243177897258 -0.48291272792794837088 +0.64705389842261806788 -1.51606413909183679323
-0.14073042817751990619 +0.29203944622428412714 +0.16488579138411108005 -0.75967223355668855866
+0.56643156519130566373 -0.45463351729249756872 +0.70866624953747447968 +0.29072212021374610469
+0.81851818882686333545 -0.27697310501872252075 -0.29723901362830812412 +0.59212971635013067484
-0.16641993959389544955 +0.00467016023292843308 +0.00315608668858511146 -0.12018427511578518019
-0.82337168346872102731 +0.09261650669153453919 -1.78174264960381667500 +0.16171844157843007217
+0.16116572212691870902 +0.13820609930261884557 -0.65349487700380626265 +0.40933577040303159578
-0.28719382801214932144 +0.09336714594457173888 +0.27062038296219403932 +0.38093829995420769308
-0.41363736239454440557 +0.46233088112820897031 +0.35956069221421005366 -0.08315671626273757333
-0.02242657828541538834 +0.34671726981882411422 +0.48528928838478813113 +0.37795328555381102476
+0.39551426912635578859 -0.69628111057464070477 -0.35965768132577613514 -0.03217160152766851411
+0.75923284108549449201 -0.17210622839732758749 +1.62708770673000002738 -0.35727150997832413104
-0.98439293037087982619 -0.12084325342710156015 -1.53742930996197491034 +0.08539209863444119364
+0.87793353438233179276 -0.05562072024896069777 -0.05038941574926480982 +0.25995608513350010327
+0.51959631409147122305 +0.59984320227336374032 +1.37809017942880007723 -0.01296231110654466612
+0.27078820290539606930 -0.46670364521871632313 -0.68913697761715142498 -0.58178070221004341001
-0.44188540395812014872 -0.80643822629944406088 +0.20622360431201247621 -0.32442349187055152804
-0.17966294495777002105 -0.88869420244012364840 -0.61918297977427694256 -1.45292657857445250968
-0.59978098466919016474 -0.68988944476376801163 -0.39793152263395970003 -0.96287668792470704204
-0.99323874708450188287 -0.40510702412960419849 -0.37263848329146553873 -0.86276583521496608142
-0.08979719683501263816 +0.25664577270447175295 -0.12310367426060819795 -0.33567839030521717802
-0.95837096613509564769 +0.06910193488689553298 +0.13499928266637462038 +0.02351457180463900620
-0.81466059913072497167 +0.27112967110041275021 +0.93114398969281186869 -0.32074375388721432234
+0.55781421097434336076 +0.28757115400963595420 -0.85500428841148101711 +0.14394946855862444934
+0.77319805460875445924 -0.54548759739094654364 -0.42690363707416012495 +1.49734086879070860121
+0.50771586667020351946 +0.03123601573498691053 -0.15178838371441530364 +0.59794625192503503275
-0.75517195045213192373 +0.66410950904697219066 -0.49183644996392938964 -1.71255315840682342809
+0.86785486564450553537 -0.18516528158099654355 -0.02950285723604612748 +0.10535114856640989678
-0.55303637959109508415 +0.20623535206154275379 -0.40494737018442839016 +0.35925828515114954786
-0.92832295013159660257 +0.31557680538246080104 -0.37119752568338670873 -1.80625648450324893801
+0.85849386533732885418 -0.61280551337990840643 +1.25546364301874446845 +0.09580970135676133981
-0.95992518052254749428 -0.11507705699132708688 -0.79583422981396800822 -1.00246923561448930684
+0.64810900827013262493 +0.48201473442889253285 -0.46574103407097366958 +1.62212334299242799673
-0.43952003481650692152 -0.56423237613432886128 -0.41317586799354266702 +0.04568244725631465109
+0.20184946203523046471 -0.27298724316093903042 +0.43491290347739841593 +0.79200352598563217299
+0.62060026379303634414 -0.45765881108536188293 +1.51110352915581480637 +0.56903793152590054216
-0.03330647742559555979 -0.59232416300968893097 +0.22103108417231123739 -0.82163642382474277870
+0.29624609378660027303 +0.19259314543960259769 -0.14668990843337348373 +1.04302003786638897154
+0.81449233289573230721 -0.69718739383122785291 +0.95687209328551725562 -1.22514548757344599039
-0.65994815486150915085 +0.34414572245687491403 -0.01521017571537308655 +0.30722125424531965265
-0.99284638159039784178 +0.80042283666080993321 -0.48964678206222012058 +1.31551308766138896900
-0.78868976631957399270 -0.70360840801121127264 +0.15500114104854700869 +0.00365780379423541468
-0.78232062293602466774 +0.78924468188911034439 -0.03467793624218895587 +0.46312807287698665171
+0.61723212185226827842 +0.45899652393490342206 +0.28320683658249445891 +0.69579732091535584360
-0.48448144774970325344 +0.49044549267050907559 -0.44352637278608320059 -0.39217294596523988304
+0.45626797607442015625 -0.48085263401671496375 +0.08745263450722506882 -1.17163543311997475627
-0.61375829989302066458 -0.75655163493022725696 +0.01986113327891869673 -1.35366333766493851520
+0.31890909448101845136 +0.91266575714052633472 +1.22955389494803979389 +1.29589329762563054693
+0.19753227811120255275 +0.22623498448827716878 -0.67787452993993713157 +0.24874647383779580068
-0.48391820928924245138 -0.66714831694008114304 -0.68160859936182904839 -1.36717296198264381957
+0.62878920482798861258 -0.86686404787990589682 +1.31286600770534578331 -0.63695008185609736096
+0.79109853363676752025 +0.51879905055539832226 +0.50796394136261335817 -0.10501391799160053608
-0.44631497433046329881 -0.57310345161936271374 -0.03464976309638734264 -1.45927082579866596035
-0.44293600221997375677 +0.85042689242678637385 +0.73918209600657402980 -0.65783374698718377616
+0.14237976038978494842 -0.52795809374221813748 +0.62618311923778480210 -0.29710026474376738381
+0.64473797914613606430 -0.03692446821155526138 -1.05954356701780394445 +0.85134471753754203949
+0.50319959952817772120 +0.51509025100057903579 -1.08539448079257638824 +1.06840398872599129376
+0.94369090736812100140 +0.70726621180544668732 -2.22261713303416952314 +0.22733911091670955251
+0.74764268669383571186 -0.32611660901212369268 +0.07738694771442811149 +1.89177953218071048802
-0.33402528526977381951 +0.23680079698045242154 +0.56931253394773395637 -0.79381662515430950755
+0.04095507496362005284 -0.88261843863574895863 +1.24417331248230933483 +0.78321189173943395190
-0.36881534156719508744 -0.69078279910325979252 +0.20993016506280748334 -0.82508331764765474592
+0.63361943317193936132 -0.59711170273471125824 +0.08697498505414327785 +1.25451490740430049442
+0.91064480046702134253 +0.38322754048510421221 +0.71558458312929784650 +0.34408527341590167126
-0.87540680805113968432 +0.02251148934951863190 -0.42670312263487619742 -1.00529895564457794066
-0.19769039007258659701 -0.70002464504256267652 +0.22564070648184403334 +0.17914655738081861069
+0.68407680287735717073 +0.22991396602380853587 -0.56336725899594619626 +0.94265373376019645502
-0.28313459227415416208 -0.62381296854699885834 -0.55520330891685443220 -1.46672707780601863092
+0.41166521123407595617 -0.88616737417930324661 +0.90257007833564950605 -0.13966485643553031015
+0.60233737796188790981 -0.48857597609235470237 -0.17815118963617204706 -0.75783865319608900712
-0.26967854775774879883 +0.54004921782160164589 -0.51962361962490732914 -0.00508021314060203011
-0.33540645478310038285 +0.57930688295628463003 -0.57170130060244916947 +1.51700661023101024405
-0.40712409452939968268 -0.18933936825681341176 -0.36009490075884587057 -0.99830039070797216283
-0.48092369986530969506 -0.91415018096255851177 -1.03141128725547237543 -0.39558894014495837865
+0.96041955303771064933 +0.49715346095041068608 +1.35164750364630581458 +1.45583559494745151675
-0.56181190535381309026 +0.30420594634896636066 -0.98640644323011383854 +0.05782515521289766092
-0.12920292674564204383 -0.95433786275919785247 -1.06551882146252263617 -1.83351094792802471467
+0.62415686365823042081 -0.33566217897853167784 +0.72012514961700357929 +0.02830305733474469676
-0.34312378829682521619 +0.16222265308897032554 +0.06299270253309452450 +0.09098509743975280450
-0.40746391611338550476 +0.25563852294525180042 -0.48539191707977114021 -0.44841995222957176104
+0.47484195037700116515 -0.21432984032845125988 +0.19624176889821476344 -0.69417359826800884015
-0.30144627574515459045 -0.08645971119855633269 -0.16254089771983792900 -0.96525078648343831667
+0.12379125491909381829 -0.55611017276171459400 -0.51223704624718346956 -0.14543934116452383876
+0.27986701286966919611 +0.45965656981161417960 +1.26215349597016124328 +1.44954466714356855483
-0.46248093293408865101 -0.53878664001273901540 -0.37333964467285030153 -1.08695748466548702815
-0.78048856759805995686 -0.26926267710373430475 +1.38282594555994786667 -0.21931329898862039762
-0.24994507186715853031 -0.54512943096220367600 +0.19235354935541795762 +1.06817705550032426842
-0.23629484581934878662 +0.93769972727472561402 -0.22871819075684923783 -0.29318344275719154801
+0.04702919377055381212 -0.80896102245115875107 -0.03337131173566421083 +0.76751062479501797053
-0.55048758739016268038 +0.51856124081760013311 -0.96389086524492872954 -1.06226905840482643839
+0.39122795060859516525 +0.95868213399704083066 -0.06752115566336552854 -0.72967711342613106318
-0.42459453787630074828 -0.24638079113606869974 +0.45616500447547420061 +0.33747273982318060082
-0.93631589471688059234 -0.87917308516882686220 +0.08373942133918696462 -0.80626843927523872413
+0.09596828595877315848 +0.36396523631327637460 -0.69962741530700367498 -0.52818857767932914093
+0.40611649082991974069 -0.07123755564921752104 +0.37514386363488039233 +0.68929800993989176483
-0.07792800096638563545 -0.70405847517482356146 +1.01275234906942657176 -0.06280865407579477866
-0.27860018147878640171 -0.47984375793955758027 -0.19782326665548624622 -0.77397586633585901961
+0.13890537802531666145 -0.87879107528488198398 +0.87163852096929850255 -0.24888724004203222062
-0.63602830116627728785 +0.41067083159719075525 -1.16888161957095215726 +0.38171589910320974370
+0.98228648310049204717 +0.98988809733195437524 +0.44604015092220672400 +0.75867434957377999361
+0.08914128826123834948 -0.54817084465274801275 +0.54285372240210483241 +0.09841226695575266969
+0.47130385985982270469 +0.00332011981722857286 +1.26211904518365436445 +0.32302435615896962773
-0.80873073077622481541 +0.25408468848817000740 -1.64550434562684810835 -0.18466773296690575101
+0.01239084732771167374 +0.78206207952464090738 -0.47989478486013692482 +1.57038749309042402480
+0.67675323746283155835 -0.21374279041497246112 -0.26759479398126750915 -0.87733528974132779510
-0.65337623882679829457 -0.40398945129622210182 +0.25304799966659663468 -1.22255521690904966903
-0.15376397906561756201 -0.69383373993414765302 -1.07263309913689930397 -1.24991127154130543531
-0.38170402105608847165 -0.03014912530563540471 -1.26029630327318620253 +0.35084726757165873856
-0.59010872658334023733 +0.72324657341649700726 -1.43192843195726693395 +0.72443113434739014878
-0.60216081541651500508 +0.70139909408413037006 -1.09130684512416187282 +1.02734058785294535276
-0.44367824427914515084 +0.98608501981609864018 -0.62066200628451451138 +1.92863954991802710737
-0.14852395366156057044 -0.71784257700214126885 -0.59834669504466519996 -0.41881751816145329492
-0.45680037085094982174 +0.02323036929831912012 -0.69034524934293539644 +0.39560076003335442607
+0.97420458546051058590 +0.89629832557596622600 +1.51845053612695668477 +0.37516103920523713455
-0.94532444341379440189 +0.90416978806362724441 -1.17078991514133678997 +1.27316331779704605687
-0.36571372603211105279 -0.25350247634854161660 -0.87575712561972385295 -0.86091056093288620410
+0.58863183759626136471 +0.55992230306517143390 -0.14408065861849106426 +0.98545924283763919327
+0.79081518532383165976 +0.31970423634174105487 -0.31951132546400895507 -0.31638411652451248202
-0.83677361485062329294 -0.43875242145507575842 +0.16266986280619971650 +0.67405354386452975834
-0.49228563218784859856 +0.78832541356578311742 +0.46386339579393376376 -0.19891789354417330205
-0.94434803144409906750 -0.66359249932635533398 +1.59781955115922591482 -0.52659924666927415693
+0.90642423849339492925 -0.81856576561282756721 -0.80979577161844240596 +1.39609521799536828723
-0.91886912007128174196 -0.55607753160715778229 +0.31052954033028662417 -0.71269492372837006666
-0.87859228221709773088 +0.38099639287729414328 -0.18969802386323980636 -0.61640347252745308904
-0.84181970537392669662 +0.00118456093089314152 +0.75729416928879556004 -0.10600711240133051105
-0.48914602970764686773 +0.32594149376881498270 +0.37545760031856673100 +0.11301478569806636121
-0.17698376200536936054 +0.94255453010192846719 +0.09472357599530892291 +0.25307764531995652346
-0.44982274138310462952 +0.29902505884068797393 -1.05476525027706768967 +0.11077461403684196739
-0.23354487849198557470 +0.37237039073503530595 -0.16626521233549659828 +0.37960196074876428884
+0.54424595066644609886 -0.52113728637072909144 +0.69825166675384597870 -1.30630499942553779391
-0.22546547172754238808 +0.36899352973341881246 +0.89586885864544341107 -0.04505057942824519657
-0.51004339958761280016 -0.60740808458434458750 +0.00209058154172583888 -0.38219872275847383003
-0.73271249621475242897 +0.42553693977246775937 -1.26973778916804236339 -0.38958467772800819962
