+0.00538930293785092052 -0.00720116783058634413
-0.00395253263613907883 +0.00736215853806728576
+0.00319650783520064466 +0.00408859794610016807
+0.00197286498495188997 -0.00204846404154809163
-0.00383334777093629958 +0.00129967821161153414
-0.00166477586328868778 -0.01146314010836817741
-0.00216124542759392945 +0.00347033983716351626
+0.00176059797217556534 -0.00350909573663213880
+0.00189395580723081963 +0.00226211184243926616
-0.00291274677013275522 +0.00634068966154886955
-0.00525371608413508634 +0.00611257507364080209
+0.00541338598333670866 +0.00061207079526933361
-0.00160329654232259930 +0.00304399579803963293
+0.00364788989947809192 -0.00107277590766341425
-0.00171486872613791893 -0.01128675747945667024
+0.00212249690351469424 +0.00869174099957321922
+0.00169691753592192602 +0.00373865374162868705
+0.00064164405159431045 -0.00461230283127003413
+0.00164200130136828420 +0.00566966830232407126
+0.00559382936184951458 +0.00157683232947472161
-0.00319422642225101376 +0.00499241026833352822
+0.00090891807001273464 -0.00015638683105512587
-0.00047501074100317993 -0.00216478027148264782
+0.00303581913704783048 -0.00261143807395721687
-0.00286577919222880161 +0.00230418982613336733
-0.00452793589739972947 +0.00411478129844938204
+0.00637532614851164456 +0.00732282825544437743
+0.00408245550981083290 +0.00637008260490374081
-0.00474668775047835338 +0.00315093860087883437
+0.01089097077571584901 -0.00303123371004998966
-0.00586743195548697100 +0.00016114942572141859
-0.00559763004111651311 -0.00143085319761711099
-0.00053231589178549896 +0.00254792123002919695
-0.00773736435767633391 +0.00702353215561046969
+0.00335752488744145081 +0.00141289121094200333
+0.00056960948533793347 -0.00335986616234533334
+0.01007189609112351530 +0.00159021426551518748
-0.00259190084544924258 +0.00003863830232274249
-0.00087028362578767040 +0.00291791351976600048
+0.00052526593441112716 -0.00143087506316565160
-0.00346729375930540044 -0.00578108869196297583
+0.00001856436863414187 -0.00146432253897450012
-0.00090016481179137962 -0.00943316445048760464
-0.00099418816267787835 -0.00610257905071608792
+0.00039237692618067702 -0.00336490432433918848
+0.00097338676897421180 +0.00111433566501368685
-0.00144500793854636161 -0.00043972397082019847
-0.00517055532358244238 -0.00360276005250550644
-0.00378705334230265180 +0.00057461685827078952
-0.00581200040182881794 +0.00358843083140816983
-0.00091633825589654836 -0.00671108645706114827
-0.00172454150705127034 -0.00340344138042305167
+0.00260087827363064596 -0.00286702094397413461
-0.00779353641487604779 +0.00340974863327321142
+0.00165591949728314267 -0.00266245923026698500
+0.00184706667078583580 +0.00455247769668129174
+0.00302722051219628859 +0.00397245527532200278
-0.00589752654027307036 +0.00261130895666566261
-0.00769346852323908939 +0.00103649033930266056
+0.00230929074869196983 -0.00123715440179367263
-0.00189049639555087870 -0.00299892100520007896
-0.00082851165196489232 +0.00567628696858259608
+0.00220326430880637232 +0.00266382698136709110
-0.00189653637355003497 +0.00127381870026526734
-0.00959557119870064687 +0.00593650366555173621
-0.00330309127237055772 +0.00050690791067664045
+0.00293773758836218422 -0.00466914591337484926
-0.00644148134019224133 +0.00143845529481047415
-0.00303504297556408779 -0.00299640207789093980
+0.00876967474020477061 -0.00065685437140717076
+0.00047019332020828072 +0.00309606114868103861
-0.00318871748095653565 +0.00457574830765107490
-0.00588624110310962366 -0.00842621870624263997
+0.01123066974644996475 +0.00485572121959698417
-0.00454447398934877591 +0.00439581496295593250
-0.00308146957017377959 -0.00555069336019546698
-0.00670655539072038259 +0.00057933944869722792
+0.00508063729596297531 -0.00054268326383744123
+0.00386485943250943539 -0.00974383601720210137
+0.00445654802973645316 +0.00263156050146518992
-0.00254393627227326134 -0.00043999339587458015
+0.00641803269179562486 -0.00879059781154528305
+0.00352729623675753813 +0.00658286300885960705
+0.00178634838588468021 -0.00228828974167961073
+0.00013812239983868784 +0.00513974226898232089
+0.00394338369258703456 -0.00806748513677953485
-0.00735673527158389566 +0.01038437796620347159
-0.00513524602248898766 +0.00065968475222815889
-0.00698239398244087511 -0.00128261062714474326
-0.00122916682396832311 +0.00165692931045885450
+0.00088849072817060240 -0.00737708153629282673
-0.00592219874693223659 -0.00331744053169707271
-0.00420908046870867997 +0.00982186683467563965
-0.00016891388179432650 +0.00497076968779990025
+0.00111322957794922762 +0.00209564758947709340
-0.00056258247061356033 -0.00447350390713771758
-0.00100837339672616181 +0.00173750438075231917
+0.00550359374989920283 -0.00315002083718978441
-0.00309790314498617145 +0.00079340049847504302
+0.00646210615553496036 -0.00252776689632811533
+0.00430610665133129497 +0.00453733042067396269
-0.00072924844888547702 +0.00263630926889107508
-0.00034784016965638083 -0.00490351184061090829
-0.00700554356476015307 -0.00132881114490345452
+0.00934040451280301193 -0.00801123226475341718
+0.00311664567836859602 -0.00143857939771556073
-0.00186229447960243070 -0.00256724687882024100
-0.00285936134104203482 +0.00296974757046517684
+0.00066196391523448131 +0.00117775491780539509
-0.00724803026656368511 -0.00680756131629267104
-0.00545320887182349206 +0.00428319687069488551
-0.01042833931344160081 -0.00167060422493658456
+0.00579768393466294912 +0.00616577321281463336
+0.00795647412417536601 +0.00389533136968341727
+0.00267609190002708608 -0.00655196917768523582
+0.00020925099519245407 +0.00846121028672574237
+0.01085437417565816680 -0.00384713031068108051
+0.00393166141625788702 -0.00680679029976664907
-0.00776342585324723850 +0.00425216852071460746
-0.00650414180675401143 -0.00029256582593596573
+0.00095983501274932723 -0.00096594770974333007
-0.00325169378915941961 -0.00211714556706435551
-0.00736739603176746541 -0.00547407446582683956
-0.00041942470903862930 +0.00090732299026886551
+0.00218838511122398851 +0.00401848161554180933
-0.00540451080637723274 -0.00375257261769816001
-0.00147542119029119099 +0.00157515774462189300
-0.01283333169098204926 +0.00516856473609292842
+0.00059214905084997932 +0.00458554526523574039
-0.00367267829019936884 +0.00073577726221233926
-0.00587479705759198778 -0.00613203518024834152
+0.00187116703686273115 +0.00047323616661823498
+0.00285527060057576103 +0.01280515495166023934
-0.00592923598082026847 +0.00161575154779597472
-0.00486534828394212960 -0.00296520571105815620
+0.00586402213268999526 +0.00306790767066294264
+0.00605449912552099949 -0.00183505555062945559
-0.00545869009233146581 +0.00678169653401103183
-0.00714931667275333325 +0.00079600180422836854
+0.00516189110005590285 +0.00776460494725255551
+0.00702444064363420047 -0.00129859805280120241
-0.00753793327363339125 -0.00560187663325927704
+0.00821017138899106380 -0.00503673994437364627
+0.00812496145251989654 -0.00584084219899448035
+0.00347699411044207233 +0.00464209003875381242
-0.00450106186702033985 -0.00149941367495385540
-0.00121078735735004805 +0.00510367599022264889
+0.00467902023667694442 -0.00231093365122888618
-0.00293222127417050102 +0.00587497202824847301
-0.00270424867593220368 +0.00082230707915495558
-0.00036901409428935749 +0.00680328974172449315
-0.00086855751489838331 +0.01024825506276405389
-0.00005746314517373870 +0.00282436787625582348
-0.00560619735891843343 +0.00293088917089349803
+0.00383348436988381960 -0.00535899451251652809
+0.00484054346737357311 -0.00585195766078784943
+0.00154203930198289533 +0.00802930528378518679
-0.00202325495521021251 -0.00626678052636786120
-0.00475270019607516164 +0.00577347472852282433
-0.00022523795393284687 -0.00192103717489501644
+0.01132493778330866813 -0.00272980937174717875
+0.00206365906680325284 +0.00362522517414512382
+0.00364641343720800183 +0.00244276621032613831
-0.00254414800830169222 +0.00051453957818930953
-0.00090416012153487959 +0.00145175401117868643
+0.00525915506690385112 -0.00661187854075134807
-0.00345484470317160893 -0.01196997014702417227
+0.00196981078388902900 -0.00612316009967247242
+0.01164915976171352133 +0.00270263989849403932
+0.00301688048386909800 +0.00603123137681625329
+0.00451580627805220521 -0.00105673906477018759
+0.00622891517466150901 +0.00988343840521457156
+0.00363737885029030445 +0.00540776519570756228
-0.00058123071430444661 -0.00166629972390407535
-0.00028341531049032352 +0.00300223720929885911
-0.00527180523392681288 -0.00009286934241170661
+0.00310734532625728428 +0.00019602543906212895
+0.00477713744376910381 -0.00407029770284695301
-0.00459973507050988242 -0.00063497504123192832
+0.00366062125130709338 +0.00095674421832556708
+0.00696449234860989710 -0.00345903946521385888
+0.00136875297784425781 -0.01041836770968630234
-0.00065767670273916227 -0.00080615105875609435
-0.00100191124310489328 +0.00058743846605203986
-0.00654748370816339662 +0.00040390883659706346
+0.00146675778137153167 -0.00002992929166734755
+0.00414176201648253778 -0.00423121644193345803
-0.00475979422040690575 -0.00229822224268646721
+0.00054427879146746669 +0.00066134397568529818
-0.00122142543417970428 +0.00358022374393949464
+0.00485774845648199831 +0.00745210775093339394
+0.00993322687993066812 +0.00179072093557077709
+0.00683577067526894636 +0.00631865139514456008
+0.00697626236683519980 +0.00167618212740025443
+0.00057860107994013674 -0.00410235042006591288
-0.01456310653626492063 -0.00595590892215699854
+0.00529247991704845898 -0.00037928842019716502
-0.00558044439798683484 -0.00197632414894902521
+0.00334915662895975477 -0.00163466055738126790
+0.00240047579420805263 +0.00239672112231163964
+0.00209634406586241100 +0.00145110581224227914
+0.00244952922464349715 +0.00181545706772127274
-0.00423328861812153397 -0.00439506551018213620
+0.00413574774552342376 +0.00651735817493286421
-0.00416275609643273949 +0.00375866522416956617
-0.00757369032694568071 -0.00139356873845120077
-0.00262631495464037178 +0.00511812397780440388
-0.00327320986769297868 +0.00620920781779877098
-0.00305388511970506498 -0.00408608996327539976
-0.00372802300248392280 -0.00413495118694593745
-0.00713953538563951058 +0.00314030813435723722
+0.00405076902972637855 -0.00110893256366188060
+0.00266581327180099963 +0.00143612441088610985
+0.00020294858480922329 +0.00015303656073238929
-0.00059164426349461231 -0.00365027963087134798
-0.00262816305860121783 +0.00085968130185314464
+0.00513855035010204152 +0.00261777110066738683
+0.00147741555906664556 +0.00267012307999199604
-0.00071006317308021285 +0.00272018403332915286
-0.00167215171421566423 -0.00049799894015269391
-0.00085840696509547113 -0.00220194745554482246
-0.00218044843321079079 -0.00506982095156884548
+0.00000018934954422586 -0.00157328322258826225
-0.00334724762537238390 -0.00050060915713838017
+0.00204156683399186545 -0.00180999345070349945
-0.00195668205253026915 +0.00105651071090433375
-0.00286189866726215989 +0.00095822734079958666
-0.00065140250171575242 -0.00267100621144277916
-0.00831914705265010025 -0.00018676152837287857
+0.00459848372613386267 -0.00091928774774085141
-0.00093650715714878601 +0.00406788553429896470
-0.00166325669988387080 +0.00452401585460374123
-0.00048561837570920647 +0.01343211296486003861
-0.00133312435115454705 +0.00383821954117151160
-0.00313578008199479627 -0.00107230460646965385
-0.00634029968245444775 -0.00226851420120719946
-0.00090006736208508614 -0.00794938163093274891
-0.00278812517359102677 +0.00653349532511593185
+0.00466553468312966031 +0.00179015584790117536
+0.00424641530286195504 -0.00849661771479118949
-0.00461708548476014863 -0.00197078690620497649
-0.00344051312786781667 +0.00040868286940449854
+0.00307287580739029880 -0.00094536687016787309
-0.00262181505558905289 -0.00053733320407801368
-0.00726302700692702842 -0.01010853647534282196
+0.00358897803103528854 -0.00396456166268587071
+0.00200423842288442082 -0.00608296109280491871
+0.00314614702916697761 -0.00087222047199203134
-0.00666820747612551900 -0.00144014264209339879
+0.00121255875764303498 +0.00345845207761392558
+0.00205585107961526710 -0.00472490191609113968
-0.00232244920516509442 +0.00494275321983769864
+0.00125897462117139335 -0.00402883546404634273
+0.00575720784043911096 -0.00308541891463471425
+0.01063727193836917426 +0.00157916933680984266
-0.00111612033016953490 +0.00885715109707718197
-0.00242168946673242689 +0.00323143517413515026
-0.00899919600298688255 +0.00226630904539608900
+0.00285401662505843992 -0.00486781642183731385
+0.00356223622225083046 -0.00288460358477442801
-0.00157969767264913249 +0.00234222625154158117
+0.00030567007950782770 -0.00289055614017155651
+0.00571023049732547871 +0.00111195387341608571
+0.00479606657735934337 +0.00802477275142714913
-0.00234135853268306517 -0.00180908743382532594
-0.00164971265390074606 -0.00317955802138660806
+0.01026881903676871155 +0.00217097924229794122
+0.00140929623365466418 +0.00242064725208262447
+0.00271183081116327081 -0.00281675566319618135
+0.00760422089844687600 +0.00690204244967069711
-0.00179374097072220449 +0.00949151513698200978
-0.00499615201611327414 +0.00750478574759667026
+0.00862486046465274492 +0.00147971463838314759
-0.00184071468128961394 -0.00112065513184268382
-0.00249842101338927257 -0.00441783076389300460
-0.00371036923222136305 +0.00595151133503852691
+0.00086779048729614724 +0.00539992379028716128
-0.00559615081238748219 +0.00247587109348809328
-0.00533888433280268679 -0.00043847836157199366
-0.00924288000842305411 -0.00474568258094188421
+0.00245713277495858331 -0.00044823250464178345
-0.00007929932855386848 -0.00300860815195223927
-0.00554540397469846166 +0.00352783332006064310
-0.00100596952569126678 -0.00163247405687297581
+0.00820254184630444388 -0.00604469209550493724
-0.00874123886816643297 +0.00046298430092243156
+0.00452736184276482118 +0.00414193471209161126
-0.00302652694113408633 -0.00066855706713706865
-0.00460984940517037995 +0.00117305823791487014
+0.00351935901614135616 -0.00263039120106795931
+0.00028352645042613095 -0.01283753009091199646
+0.00332566278390163160 +0.00704021157785244059
+0.00139035324904262917 -0.00598351583181541691
-0.00177488298563986137 -0.00471127305902479046
-0.00033970781300374578 -0.00230575615396727985
+0.00247910409999404840 -0.00057542373983834297
-0.00392362617866457569 -0.00422439226661300293
-0.00366289844067456578 -0.00054860247361744651
-0.00021488890272478023 -0.00087648768604403193
+0.01008728673550426426 -0.00673105204765920510
+0.00177405329907805512 -0.00327598072843897532
-0.00218919657165207466 +0.00006841584673868118
+0.00242776770701197886 +0.00843555320998913213
-0.00329552452900809057 +0.00270752116606538936
+0.01089194576152492655 -0.00072163174136293971
+0.00343900983676609460 +0.00475824105824519498
-0.00332752141109435946 -0.00737671131746353050
+0.00223019473380359863 +0.00022894166657892170
+0.00855410252864662567 -0.00084836211706738711
-0.00627885604222533193 -0.00172501523382199073
+0.00818532852070837438 -0.00288555442662523105
+0.00380999850549739285 -0.00509945753662135754
-0.00280231151869554489 -0.00489710324797572403
-0.00161749732485737892 -0.00066925679813449341
+0.00028600310424604990 -0.00004468126248137233
+0.00153765985798997988 -0.00275910334156652913
-0.00187104135311307322 -0.00088894190066159161
-0.00191368573532998162 +0.00555152673967312937
-0.00179711209182446948 +0.00209235829553594196
-0.00235595973591912070 +0.00110170220988935067
+0.00154052538653831638 +0.00035334642141533886
-0.00030555254523571937 -0.00238515868527250244
-0.00492444944597486643 -0.00988373466528211231
-0.00117917056577144901 -0.00621242089261446126
+0.00198314338524511677 +0.00142967112186084822
+0.00214624006953450554 -0.00329276715605507017
+0.00012345887042809582 -0.00091935073229430352
-0.00040605126367609197 -0.00451382840894941784
+0.00228328142617808486 +0.00484996011059403084
+0.00000719377759504647 -0.00054383427036588721
-0.00126836258807500523 -0.00977973130845063293
+0.00445749045021775168 -0.00299752551327016076
+0.00189793944291562211 -0.00221224418487790111
+0.00183938391903114588 -0.00442007873427502015
-0.00174057160489602173 -0.00775243616520888360
+0.00271984728709388258 -0.00886171448936152496
-0.00808641588574856435 +0.00194052501789454546
-0.00718108451316739650 +0.00266429577138095185
-0.00101705632795387295 -0.00151734813084295666
+0.00391038543681733811 +0.00790222290441748750
+0.00924785808236986903 -0.00412513552313966466
+0.00243907202293342429 +0.00497869927198801247
+0.00625952176049316550 -0.00150713921130476232
+0.00796005826849243737 +0.00524818510913520938
-0.00279318720487860489 -0.00206406542939414992
+0.00865173209448600981 +0.00380349661310207515
+0.00500779628031299516 +0.00122944085870036954
+0.00894326990612834792 -0.00831713986198529334
+0.00076852607508840799 -0.00231423271842967539
-0.00493250018877159323 -0.00092010934577340438
+0.00169275843341903280 +0.00467146750319447947
+0.00129614116904532830 +0.00001406834598084760
+0.00764896815761507802 -0.00182474702642454402
+0.00301902966033179869 +0.00131166515282179238
-0.00428109618926983317 -0.00430543515004265780
-0.00306734612126885724 +0.00458550164530828041
+0.00661014254453667991 -0.00418992675673852000
-0.00300571365607864033 +0.00595629802044655900
-0.00993483961035400778 -0.00461636997501102455
+0.00699173833391634331 +0.00286318254587552157
-0.00443678011427002875 -0.00346742968249072340
-0.00345818244761019085 -0.00168600025808634266
-0.00136986161538407854 +0.00072514719175021964
-0.00111554149894512919 -0.00182078207805876080
+0.00732893931930307316 -0.00211370522715911011
-0.00519527405645119067 -0.00103637709860351186
+0.01177731115284926834 +0.00093996190453546694
+0.00455073582606473591 +0.00138339481918569197
+0.00074911198301560794 -0.00467207674653329508
+0.00414835440289265146 -0.00363474565640445552
-0.00164468226458823474 +0.01232948788392583366
-0.00163054536885269379 -0.00462645093134971160
+0.00017761129948924443 +0.00142887233230126363
+0.00553589480352272793 -0.00202556835270343563
+0.00496610709619197711 +0.00293955123108876519
-0.00483875855431610720 +0.00326008357839805861
+0.00171461747031705883 -0.00199945397642785870
-0.00139808937235000818 +0.00983364060053846904
+0.00107686424932015726 +0.00692069477568012931
+0.00309732564206560658 +0.00451953925601538894
-0.00215547293039933772 +0.00308179513597290657
+0.00441256566823856021 +0.00335022689053842814
+0.00817946661458040722 -0.00109913195294323619
+0.00152985810202632602 -0.00537285836038361910
-0.00065443836506131497 +0.00028241931122286639
-0.00402875169562108993 +0.00237931407124090553
-0.00017391631114559115 -0.00254871567825794808
-0.00246957283896533141 +0.00857022610033696293
+0.00728941470825026066 -0.00365044321031134230
-0.00090181946559738605 -0.00057628314805076167
-0.00767011712996636293 +0.00132106789515683710
+0.00363741288164926881 -0.00534078884055177745
+0.00145386434859230197 -0.00017114877537721391
+0.00076284312555728530 -0.00237230300728289486
+0.00186115559353102573 +0.00249163115241840582
-0.00322280866276173977 -0.00217159754033467928
-0.01027659071303866842 +0.00357539678479288931
+0.00615386179446992740 -0.00102979152165070067
+0.00159120587717214075 +0.00101042192793748017
+0.00357426489951389714 -0.00115896891147326754
-0.00863940684048596086 +0.00577267569430893902
+0.00249452469817249348 -0.00704677063978583883
-0.00180449668134590032 -0.00360461025630657954
+0.00408221637128464154 +0.00113613279256069284
-0.01295987826257821891 +0.00490203107351291911
+0.00046243204272084122 +0.01098496598984083361
-0.00038041641485915572 -0.00159834387631105357
-0.00126578194318663589 -0.00248402785302391342
+0.00377242032885580832 -0.00313912389289518895
-0.00649311622634830918 -0.00081340689004212184
+0.00122977487255179416 +0.00211575648429175416
+0.00530369953296427887 +0.00191980261959674259
+0.00097276202040139700 +0.00356148572620666216
+0.00343210168871349933 -0.00035433272945719230
-0.00115423996433052542 -0.00873573472002869486
-0.00090629432333427047 -0.00010787782776277427
+0.00312388771893430022 -0.00161242748973662413
-0.00560609870902445059 +0.00772428019673782919
-0.00246170562185449434 +0.00046154425809760832
-0.00976249669762814000 +0.00088621190594136839
+0.00139699683445174876 -0.00421288849559752453
-0.00183088483064485419 +0.00080146056685421671
+0.00760218535995901314 -0.00273358393567272153
+0.00299724408802332564 +0.00137616817718553457
-0.00274804873427471688 +0.00367427042616238000
+0.00295750470508003484 -0.00067701066791032993
-0.00081209619446264477 -0.00970248032314642919
+0.00190335399860260164 -0.00253074023156566862
+0.00590270575498989033 +0.00464183751325580006
-0.00109186090209724505 +0.00499258960661636518
+0.00361625106419341232 +0.00075623831468543158
+0.01074689249422738045 -0.00820634566213445001
-0.00389916374019027168 -0.00228363420039326198
-0.00263392173335432085 -0.00071635611943587875
-0.00497893526383799950 +0.00418224503075444523
+0.00216204722812214645 -0.00247869022373891886
-0.00113970780559343333 -0.00660696192347651201
-0.00740762441764328174 +0.00025858057252959796
-0.00074927650536777725 +0.00057614962422995936
+0.00161498293744656487 -0.00207459928035822090
+0.00133075345918147242 -0.00426537056934852762
+0.00199385402841216952 +0.00374310805118035746
-0.00090965584536147276 +0.00759355428929380134
-0.00450138172471683043 -0.00075792918459502943
+0.00156287982582106137 +0.00189769709459642298
-0.00349463370193959458 -0.00787251486874225581
-0.00024713593841275950 +0.00301288504544514968
+0.00074161169937622239 +0.00279089345603808275
+0.00809531841651426123 +0.00483844712398569850
-0.00033768973172360658 +0.00098277177547817485
+0.00001740525255051876 -0.00105112761415270635
-0.00372860873763564138 -0.00545333415057247702
+0.00415240130885158494 +0.00355176147700387353
-0.00177593063846172598 +0.00631417410357709100
-0.00245111886284526568 -0.00062074027496152907
+0.00166703742379378144 -0.00846726718002284613
+0.00110844654724781078 -0.00011597895624457059
+0.00391228056792098690 +0.00435159691035432589
+0.00193280427166791732 -0.00037491498741733568
+0.00296360773850960421 -0.00340065842719206382
-0.00380940636859010764 -0.00461894575128423204
+0.00149380215884195697 -0.00085243172327718821
+0.00120163754109693221 -0.00932327533744634757
-0.00142302854592009842 +0.00383856239469758951
-0.00244784842186928503 +0.00194494487965378546
+0.00145350957531059795 -0.00139483116994102286
-0.00569824836541488189 +0.00265830378641564559
-0.00080775174054032242 +0.00342421080943316981
-0.00529189236672406201 +0.00161182736419639432
+0.00397027179281936489 +0.00291150258895129296
-0.00057291981488451107 +0.00616147395680337329
-0.00442055947841789223 +0.00478964925335530027
-0.00166901375507649179 -0.00200230016671877013
+0.00383289409614257165 +0.00756481020560927694
-0.00390864170820803044 +0.00143727526546896561
-0.00568853878345005389 -0.00274287408227512700
-0.00276059887825852359 -0.01066207827592869327
-0.00127260813192640789 -0.00477509630396872123
+0.00212473957947339120 -0.00040417247072176306
+0.00622642751447399431 +0.00093060447672461608
+0.00393453599739971953 -0.00455021495461101384
-0.00334617682325811898 -0.00029850128653798958
-0.00091282771610884015 -0.00256901692772049627
-0.00266074988840265571 +0.00131358823753036720
-0.00542109807705570303 +0.00818702338374378835
+0.00101266473516305926 -0.00054448952377106645
-0.00169132631514439837 +0.00407976809578634685
+0.01175506816307665160 -0.00235659354217303014
+0.00473179614314175965 +0.00451824894502866892
+0.00171824992975689607 +0.00063535141068523683
-0.00531667443274639294 -0.00761934858488032100
-0.00565827849190955919 -0.00552809296260713123
-0.00266741096755327345 -0.00309207670298372117
+0.00215712436381035799 -0.01078884763705751856
+0.00340887850763939206 +0.00489845415870816814
-0.01089600142088507570 +0.00016166245023417495
-0.00402263655251435502 -0.00492228244147923516
-0.00866278245462982939 -0.00081697824569760408
-0.00296376623807220177 -0.00822130267070137269
+0.00693909912132609392 +0.00516634351231635633
-0.00156541791239051637 -0.00792478230353168243
+0.00655860364006130396 -0.00048745983717209118
+0.00382983508466065541 -0.00317066448075003495
+0.00357408910912427897 +0.00906587834158597596
-0.00038069265808957065 -0.01093852730158682146
-0.00297286120235475040 +0.00075079668142120741
+0.00798105838277361930 -0.00079276872478802897
-0.00428106762485983353 -0.00143712469799323951
+0.00627203140742426443 +0.00596816892186208432
-0.00377699935691599032 +0.00115231712572666338
-0.00004912207783269051 +0.00175444962765054432
-0.00091756731305227463 +0.00147958363481546151
+0.00244525221285810720 -0.00220663563922287318
-0.00120038824848487692 -0.00420049290933525304
-0.00008283874026877858 -0.00093454394549230720
+0.00882815994905986751 +0.01287051008905056373
+0.00369132998578306165 -0.00077956224978277479
-0.00644697065679842966 -0.00004642410833130691
-0.00333904302596963647 +0.00686000414591435813
-0.00148090645153123703 +0.00513424302414721041
+0.00325725281615386105 +0.00139440367533734508
-0.00179605256965761472 +0.00214850748862541879
-0.00289814299604043138 -0.00197329613127060531
+0.00128156741639707345 -0.00803901661912197543
-0.00896902537799581893 +0.00070903347062278941
-0.00231504801332242443 -0.00638843010148924285
+0.00368202374469813994 -0.00341825304298779128
-0.00218302909507410306 -0.00889333834301678054
-0.00121817088028099976 -0.01030356040784231528
-0.00050088707388455059 +0.00567542565944716918
-0.00384552897393753302 +0.00022020496003691996
-0.00507847499769879893 +0.00168299953234557357
-0.00590479493039914281 -0.00186049334570818252
-0.00331659503564775025 +0.00000990339168591278
+0.01101091810041302313 +0.00952464036772382623
-0.01025524364676699482 +0.00156330886953689498
+0.00829956630792554571 -0.01055241976147927932
-0.00304890811138488864 -0.00393640820807279832
-0.00062721446069731901 +0.00035154449937767080
-0.00194105149800573914 -0.00339711694470837787
-0.00009588159593496275 -0.00681573233789213931
-0.00577635341543986016 -0.00210427041758298695
+0.00785200657899453279 +0.00350030629769069838
-0.00433549597047911718 -0.00115066889737216842
+0.00088753701314493423 -0.00555590427919344133
-0.00348961145910545211 -0.00346713839859262097
+0.00250636757473051905 -0.00364876082668111985
-0.00697230576244911582 -0.00488992370560636588
+0.00677507293788452529 +0.00116980188849425846
+0.00191344892746318209 -0.00084007681434511558
+0.00268632112813864876 +0.00856623524777227856
-0.00266336516312647631 +0.00859517174071548241
+0.00721690967602634219 -0.00020383798175332957
+0.00560311658251557657 -0.00064280336779699962
+0.00176312218080751175 -0.00532866517947044004
-0.00196948814720822145 +0.00322035660672095490
+0.00177024260229706942 +0.00620686386641456245
-0.00280907992621647106 -0.00602046035873097293
+0.00364021890389888692 -0.00280768657591484814
+0.00270251816304710370 +0.01080618029892635792
+0.00179240764974638537 -0.00020407259929137696
-0.00808836914378921121 -0.00614623020975104718
+0.00324412947085974367 -0.00380558638855232542
+0.00138309225466135867 +0.00558686601288636148
-0.01160963667046363904 +0.00893199425270657654
+0.00339136005066533255 +0.00001873003472791911
-0.00282950507593749800 +0.00281982485857300205
+0.00025365363811339996 -0.00514993537003037832
-0.01067795926137537002 +0.00277824949109321860
+0.00025629944144273456 -0.00121887187758455305
-0.00483546612799551183 -0.00417469021986790513
+0.00518199249882201653 +0.00175553270692221193
+0.00400152123483106872 -0.00509149493501379839
-0.00366345744267871113 +0.00636161634821787777
-0.00158912074440727222 +0.00350668831106188458
-0.00318472632531718782 -0.00167871791330001497
+0.00279647508412703529 -0.00350699051190281764
-0.00290142556966792092 +0.00187935890064477688
+0.00080924507546237679 -0.00683191037974613564
-0.00251392587371354051 -0.00294466491032864715
+0.00337519070142931537 -0.00126017674436102400
-0.00801112509639297261 -0.00136022149994621659
-0.00459384083375575028 -0.00298312747158163954
+0.00135292454485641056 +0.00529169482068474629
+0.00100672006430457296 -0.00477196670600203883
+0.00977907189063703143 +0.00610000807083995421
-0.00334403169621607602 -0.00019284988226286317
-0.00156482189670857121 -0.00018962151705462249
+0.00447087754443331858 +0.00005169895434950272
-0.00175815884138561408 +0.00101588705789536866
+0.00504585609985155545 +0.00121319450199567844
-0.00729421516289565156 -0.00315095283043639787
+0.00076780688675430085 +0.00201694074857211147
-0.00533435251107408810 +0.00069451691748203940
-0.00016478466901888311 +0.00821098346267724703
-0.00393852951710128244 -0.00452773782722678750
+0.00257973156194547023 +0.00451942706464763741
+0.00582913089682947447 +0.00307827173685101211
-0.00087609293599897123 -0.00441577516948533227
+0.00111400033304633397 -0.00046906501419474809
+0.00766185102248425308 +0.00332344593339159271
+0.01043370897090535078 +0.00134549561430039196
+0.00125272222461750120 +0.00506884300608692953
-0.00476699107889492178 +0.00031778535540337785
-0.00736083216597308021 +0.00553737240416718717
+0.00026515827898329278 -0.00452786336555446259
+0.00509697438971071573 -0.00101384498183224557
+0.00393895345323987123 -0.00136060642731954205
-0.00689181776546052716 +0.00147697001418263659
-0.00296335368506019017 +0.00624482882497289817
+0.00054658614330022970 -0.00465648403904142354
-0.00112901718659910591 +0.00442557597022161416
+0.00106629988398446629 +0.00546104531102834315
+0.00428731123870864251 +0.00347416218884421223
-0.00236185219813813850 -0.00251585856703607971
-0.00696817296294952905 +0.00047268452494096409
+0.00703197379276173078 +0.00445273224313170492
-0.00428437266039621411 +0.00052801859891511357
-0.00717713891988979759 +0.00580749339068455800
-0.00495387387586518346 +0.00072113427942849077
+0.00125490154409575987 +0.00024995993018692457
+0.00020687439656981411 -0.00356061245481701120
-0.00035320721330466107 +0.00862011893094300798
-0.00137899393863167392 +0.00602800647639181904
-0.00545900922314372823 +0.00062488636612434043
+0.00552783182396066747 -0.00098746021531897002
-0.00008909052133688274 -0.00225819142910825945
-0.00357314796900415170 -0.00281371778603709119
-0.00256392738383442575 -0.00180091781378145539
-0.00549717019957765649 +0.00166011813122557850
-0.00100687101502131872 +0.00759440037027128874
+0.00580870885442214425 +0.00823388610718140367
+0.00116124229297416386 +0.00049518723976298444
+0.00175318192301169001 -0.00608055525144212371
+0.00149375316283559484 -0.00598611500728729942
-0.00394044457624712421 +0.00578243499755609625
-0.00299858849651503867 -0.00715125580809789982
+0.00251759098609814292 -0.00416364955040099752
+0.00423641219364532650 +0.00219282227740901989
-0.00790839104327978673 -0.00166592732551572764
+0.00008631133109672588 +0.00851743103468834487
+0.00069401610768849179 +0.00448427574524811173
+0.00027836536321933138 +0.00204074881856307171
-0.00168689328253888255 +0.00302086324740727559
-0.00169374141748368057 +0.00335329400763090431
-0.00500968113405442835 -0.00414181342866488944
+0.00339237746684308309 -0.00259698817800235824
+0.00106833176075299971 -0.00183794044593312434
+0.00653315406386350498 -0.00428543845177388038
+0.00157852208048888092 -0.00247552895003470656
+0.01154306085817755588 -0.00075909232794885628
+0.00145492018919954162 +0.00371998997182113088
-0.00212852592310139224 +0.00030132302489623746
-0.00068296218412410817 -0.00169035011185579348
+0.00470461420502088588 -0.00073449675953451152
+0.00279341811771643533 -0.00707977494277049930
+0.00047529893927845306 +0.00621607175185774196
+0.00346084415213087021 +0.00877942956722107919
+0.00285283782540708642 +0.00036519583540981556
+0.00235210629234251919 -0.00876621166948768696
-0.00610122187347422480 +0.00273129603029511996
+0.00183404719303246252 +0.00593947298367183442
-0.00746677581397908480 -0.00427890825248041125
-0.00035993261175948452 -0.00435644486642873009
+0.00260027653239561923 -0.00932120215346563322
-0.00196647019249399611 -0.00393205321430370198
-0.00451721347224972800 -0.00512264857925365247
-0.00385003074824985872 -0.00054387262091479954
-0.00369782199348050837 -0.00211875147343419667
+0.00009695392325522714 +0.00319838244590951032
+0.00553581415681684771 +0.00081698411957620938
+0.00910040624478604399 -0.00133039169575203085
+0.00263255536057132797 -0.00415760236552010880
-0.00093776675044739111 +0.00302447195471419825
-0.00031165021990220307 +0.00135423974228785220
+0.00113506035816801848 +0.00312625638887158597
+0.00024706658267731850 +0.00525295903615944151
+0.00878155256257336612 -0.00626107654337774641
+0.00136046995083527033 -0.00699751426348803676
-0.01202842968759345113 +0.00593930304190572016
-0.00169752589888338815 +0.00529905344112776341
+0.00307038699175282096 +0.00115510403659346578
+0.00367718313779096927 -0.00051792592812124991
+0.00113255439886969077 +0.00087126558063729007
+0.00784793990117598449 -0.00413731665462225943
+0.00648296984649360600 +0.00273595502044864103
+0.00324310144493558010 -0.00140618696714157605
+0.00113635044276082708 +0.00142794200182104285
+0.00121119944260403051 +0.00339727921381430958
+0.00445726303186023270 -0.00517425545518317327
+0.00177919182219965087 +0.00458931911382488844
+0.00265888868687398075 -0.00159908166197677464
+0.00537950218092674536 -0.00548151311955148365
-0.00142685943611568170 -0.00039134926649222372
-0.00989098834915893253 -0.00279029820108225857
-0.00574304153688330425 +0.00425513502275410866
+0.00607939295597216718 -0.00324457052399397192
+0.00669158169436093533 +0.00868674113115918724
-0.00582887471766889605 +0.00910427173664591499
+0.00259981651738474054 -0.00500441244166038423
+0.00309127929437338781 +0.00349219615652918277
+0.00699518908526598066 +0.00801938163684726320
+0.00010684852450723592 +0.00232695409813611729
-0.00401705024763347913 -0.00457331163351629849
+0.00073971628993294361 +0.00172989068941989789
-0.00859894016209446568 +0.00908870785423973593
+0.00654150755575803097 -0.00008192184271640273
-0.00479017912170635798 +0.00493810470448373222
+0.00176089579140754991 -0.00269106849095646821
+0.00378927874699015212 +0.00114950561500481822
+0.00339797770729804906 +0.00074824859870132091
+0.00122597751287819288 +0.00201360918419984675
-0.00472665995604821480 +0.00112159596344323207
-0.00051882535174837489 +0.00126490475610266666
-0.00319174243039556122 -0.00354305479051491862
+0.00482603723726537492 +0.00048837767193352023
-0.00267450648329080418 -0.00328683673579603089
+0.00612590358355767552 +0.00505741121937573930
-0.00093614749453682319 -0.01162817239331881587
+0.00029464084881713495 +0.00063463194906827718
+0.00539757085719505883 -0.00593517345057818606
-0.00129085719180196219 +0.00466572228274425051
-0.00264187045807739171 -0.00022619903362174889
-0.00479646081296117820 -0.00325037288940892548
-0.00629957222545576064 -0.00393574162231138426
-0.00337754525811989181 -0.00167789043293364035
-0.01266378704564894569 -0.00208079849448884920
+0.00120934475438552302 +0.00648343797764987240
-0.00701125435079749410 -0.00050850465562012385
-0.00322178133291152729 -0.00229294157352173851
+0.00544251729335732109 -0.00318947049215320775
+0.00245568596621723468 +0.00119562267523649793
-0.00273671683748660625 +0.00419882601573635852
+0.00015905699409539723 -0.00477147147622554706
+0.00027432100577924547 -0.00375222519592404227
-0.00406826908542209150 +0.00053904648153302315
-0.00220770223758360185 +0.01146338935381481169
-0.00019156132250187550 +0.00485316157741458396
+0.00618197760256115024 -0.00249137751099259667
-0.00113762932154354507 +0.00039536960107578747
-0.00135367963478320733 -0.00106072304464106641
+0.00906579290771323924 -0.00161717124847242984
+0.00188508297851409197 -0.00452859812150517137
-0.00278868066596447495 +0.00387617317864263986
-0.00220610304311548693 +0.00429777257815541682
-0.01250594269553627694 +0.00190380584857192860
+0.00058593707172097998 -0.00555378620805949477
-0.00036838459687563971 +0.00673205631057379600
-0.00212617674676375285 -0.00374593811416856597
+0.00863145191852277352 +0.00541432295270357668
+0.00224063191140215197 +0.00388078152306474931
-0.00307116287344256405 +0.00105949696434431387
-0.00351877580905376585 -0.00414942509538704200
-0.00782142795396168627 +0.00731546464659351380
+0.00119235439801559148 +0.00198237114614226509
+0.01002710310422211606 +0.00103014339619091739
-0.00501770366436089018 +0.00266899457338290588
-0.00471214770968869916 -0.00100005833548140076
-0.00637320962467242697 -0.00152399193753843939
+0.00157479340618767432 +0.00034281846173282412
+0.00107153554234729444 +0.00334623556250802966
+0.00699747582502035365 -0.00347899976058470934
+0.00195423992335313785 +0.01170276956254793881
-0.00025286212180673285 -0.00226306868964014189
-0.00089462359751730125 +0.00436092438526509626
-0.00347346243581003137 -0.00733179799921560016
-0.00420456718219623486 +0.00563800482901022099
-0.00623803953416961210 -0.00018427237432942518
+0.00122059975796035068 +0.00268240686072238922
+0.00128735630944889590 +0.00088043970992563608
+0.00473860388906887937 -0.00800418465994419404
-0.00068873372774074047 -0.00003265371142182998
-0.00023439761214505959 +0.01385070458930104387
+0.00308733138664845416 +0.00058583277921431948
-0.00387935042048746792 +0.00403569817391280158
-0.00628183708236885324 -0.00107298425027350279
-0.00886331755531778731 -0.00329700741495743670
+0.00425427094365773105 -0.00153832876400666571
+0.00319697337711737431 +0.00898754139635396868
+0.00003396152649598862 +0.00292864821879542520
-0.00509378416248972704 -0.00029941764630402989
-0.00178046335754171274 -0.00107317371869018654
+0.00333016745498110464 -0.00199618911841775845
+0.00678752868428331504 +0.00473341561283689531
+0.00608626958653397856 -0.00791267229155191709
-0.00076365921699615789 -0.00323992647666311150
+0.00147269941260989488 -0.00982239807504976803
-0.00315523480910593051 -0.00331763285113848439
+0.00093040216937834434 +0.00343317346746988168
+0.00018076335850815656 -0.00359408889993967362
-0.00304104028221301084 -0.00440171299677406813
+0.00130495405115717365 +0.00029765072786371678
+0.00012416911775576991 -0.00671961683296386399
-0.00439965462302055726 +0.00284074550730393236
+0.00093234314912186240 +0.00665493081213934176
+0.00578588149249525084 +0.00403448604218932874
-0.00597467494386661867 +0.00243259836123273926
+0.00386415759685825120 +0.00096150194135398112
-0.00031975126370876279 +0.00112851634024278228
+0.00724413509888403861 -0.00067433026643548479
-0.00063652293358153330 -0.01405208507357239359
-0.00553968878844285362 +0.00801399236587043221
+0.00357525087039050910 +0.00570972802206217919
-0.00362909183505052274 +0.00295473229638086414
+0.00073778733332407467 -0.00310040372857864691
+0.00263354985404363768 -0.01214804763148127909
+0.00131187893786489907 -0.00238240133285609005
+0.00115331948459166246 +0.00615735727327622762
+0.00371430563199265720 -0.00632397809173803824
+0.00354145756583227646 -0.00409494334979014149
-0.00375497650611652904 -0.00904039422521805448
-0.00478345401909022541 -0.00153774691194722736
+0.00092069287794682188 -0.00268089472542707135
-0.00792301794147883334 +0.00089295369633664236
-0.00016716198741219073 -0.00320183503570592269
+0.00212900531602230794 -0.00416962598232480629
-0.00480064901548217689 -0.00007276298038813968
+0.00656873898983171590 +0.00437493683691345288
-0.00205216424025008240 -0.00772675696424343032
-0.00134432069952987953 -0.00706632894281758895
+0.00344409397146236765 -0.00189049208267987978
-0.00113490119474309492 -0.00053286137469527972
-0.00046836915505314800 -0.00329430488940400321
+0.00691784038235765484 +0.00077387584218767467
-0.00100097876242962423 +0.00124998244776927149
+0.00889047274865227034 +0.01273238548784180572
-0.00567965707109039514 +0.00788447206594579050
-0.00205054138852926726 +0.00426292062082750736
+0.00271144006773062999 +0.00795546704078680701
-0.00637898028157020316 -0.00582340440797713462
+0.00179833743448727743 -0.00068916081008140503
+0.00382112131963880265 -0.00281885067257882154
+0.00094663640078940887 -0.00776493907123802264
-0.00594117878145390341 +0.00543613290283381616
-0.00472276263590775975 -0.00012746081891866598
-0.00173103910570071725 -0.00320609100426743482
+0.00224868833354037239 +0.00510682608778293291
+0.00426134280284182383 -0.00798674768929666552
-0.00324119763256577745 -0.00389041660367748197
+0.00127871181030239601 +0.00923232115117342787
-0.00251588549495797894 +0.00148131562521361068
+0.00103966136336574428 -0.00085029924301251929
-0.00199498078925837950 +0.00115790793856468182
+0.00038615220222933968 +0.00439640614376993893
+0.01038894399163161654 -0.00503723102128285447
-0.00046834226179504057 -0.00009130395268752093
+0.00070464445640747446 -0.00600303831902971284
+0.00077025542188943297 +0.00133521244832201375
+0.00104450499619921375 -0.00017875776660273776
-0.00077046485000956686 +0.00059471507157200613
-0.00434582515212837694 -0.00293970954532994221
+0.00022305398582021319 +0.00569369786730676477
+0.00050433889867080618 -0.00127788891488850591
+0.00725991647253881704 -0.00410422677841392435
-0.00327673850485901696 -0.00362849457650363900
-0.00354901189717906664 +0.00872056255398633365
-0.00352554274721986064 -0.00545057139700284334
-0.00464255469585244003 -0.00306459658533479338
-0.00505356159884737255 -0.00008025807226482215
+0.00307423120655323000 -0.00059074202585351920
-0.00511510683813431923 -0.00661348683880803347
+0.00368600049003656258 +0.00343714326525845033
+0.00181029287172820462 -0.00848934818385958627
-0.00127040170138977351 +0.00738224914923347412
+0.00552981299398457981 +0.00203940190960963906
+0.00009228407446496608 -0.00353782779258351825
-0.00282310903554067833 -0.00303527169668790092
-0.00182032238247945228 +0.00711677995415244645
+0.00073882933572929493 -0.00605526237610919983
-0.00793769652424320890 +0.00087503493301268644
+0.00040845111170173385 +0.00177350423518476594
-0.00021639553521227568 +0.00223008678929201157
-0.00172212028099782803 -0.01061119605437475973
+0.00029919406767760063 +0.00175433202877256673
-0.00063781918792453777 -0.00433344520008712309
+0.00170046032617042443 -0.00210212122661818882
-0.00277810415640206143 +0.00392526810528502981
-0.00052230355429852527 +0.00200815942319688837
-0.00325055843336379425 -0.00826026324836160245
-0.00005527215036722831 -0.00179136723119730596
-0.00755510074721636466 +0.00587905735951798313
-0.00493583099090359832 +0.00448077241399821163
-0.00010562585260909555 +0.00327263221584263471
-0.00540731513596779713 +0.00451569246744463332
-0.00303690741969831531 -0.00432895574416616337
-0.00184684646229389508 -0.00089438090652300484
-0.00288408730577881895 +0.00184689869281986357
+0.00195986023500974551 +0.00026190900376882613
-0.00887878818845358117 +0.00094171838024313800
-0.00049651720187774036 +0.00484081507528858618
+0.00173934799506241357 -0.00476840880660983277
-0.00296004039357475541 +0.00390763503698307244
-0.00480062010813484853 -0.00228309864028305174
-0.00146457784111428011 +0.00080986905346797664
-0.00137623263282881606 -0.00079468119983877724
+0.00664361775476837637 +0.00382953192279873083
-0.00361772380797841572 -0.00282556026792595959
-0.00896473324978880326 +0.00188739781943192669
+0.00166514293191058135 -0.00092533747060833055
-0.00554391565646168705 +0.00353501732558367037
+0.00335704421877314760 +0.00045094501526477578
+0.00096475764127757673 -0.00117623343262900429
+0.00333464854520766412 -0.00469101644154121169
-0.00933438302805757875 +0.00353454674213571265
-0.00675256073169843221 -0.00025860763134074411
-0.00472876865550997741 -0.00115135265911537298
-0.00063600473641159980 +0.00520471816416658451
+0.00073797951313710869 +0.00043163208826260419
+0.00395181528275347430 +0.00263251431287416264
-0.00220615813625003009 +0.00756098447713486263
+0.00797631751593265784 +0.00475864184906388179
+0.00271063215820263733 -0.00130574445371691860
+0.00742159752889873670 -0.00382081293414708503
+0.00069472540682045860 -0.00318906899299384490
+0.00821912860119526981 -0.00085518542605000968
-0.00623080023157322142 +0.00090700694748267719
+0.00001464188478754284 +0.00723038829876988809
-0.00265114335307063860 +0.00717139282773564951
-0.00187619878158642788 -0.00549217048393346209
+0.00170451704330427641 -0.00711008162694663250
+0.00242291783274539534 +0.00643194849062560942
-0.00186671384183728878 -0.01245798427994296992
+0.00236445331264609291 +0.00074561127695759637
+0.00158855919070377788 +0.00158643773958851457
-0.00638394411072483806 -0.00228718193199215804
+0.00602290802653545482 -0.00113626051034727556
-0.00286155323981155448 +0.00192490493200019909
+0.00134613246319448634 +0.00503314596431500300
-0.00400386069997146245 -0.00071297391124253194
+0.00173513903820957777 -0.00678396575172887824
-0.00452473116881713534 -0.00274451942602126249
+0.00302767716787050514 +0.00006731666974170067
+0.00179539364149793393 -0.00007350768661065451
+0.00799634624615590782 +0.00013198485829707537
-0.00995945588357375657 +0.00237790956744860600
-0.00595960792820412165 -0.00062641817552669453
-0.00164152555346781088 -0.00231345235643136849
+0.00050041628955232076 -0.00054522149433070878
+0.00615967985364389986 -0.00247323711442980253
-0.00034759349976180333 +0.00326095760155986148
+0.00022880423056930192 +0.00774730230429795334
+0.00494072450381373429 -0.01021144452378180967
+0.00647135676042575117 -0.00010144584642868010
+0.00769543185449445347 -0.01057594203219529641
-0.00109594850068708296 +0.00999918133358765511
+0.00171936305099694149 -0.00568010873803743120
+0.00871843643683585523 +0.00016981438432250168
+0.00325155527017583932 +0.00205401688514470545
+0.00093314323219602726 -0.00290364143224123477
-0.00234315638170865415 -0.00235518329070738769
-0.00035777579158403038 -0.00428072078214922214
-0.00099073587687340957 +0.00388067119711106709
+0.00146002308493071455 -0.00552675173066891588
-0.00135488268165535560 +0.00283226732297431555
-0.00175424206944744848 +0.00474124648367178422
-0.00386140940320522322 -0.00480217114234028630
-0.00048080974496531980 -0.00776650124403055822
+0.00059640103590072400 -0.00121420433343940584
-0.00321852579129221217 -0.00202990051196746740
-0.00241396998057046789 -0.00687231533928742491
-0.00185000566281986589 -0.00948855795205585939
-0.00002344406434962249 +0.00103076289906145566
+0.00118616671477639107 +0.00429939910169886350
+0.00135924963348080068 +0.00125597658062256957
-0.00253661130267668605 -0.00065153930004023465
+0.00635760765322865903 +0.00185984592796114060
+0.00298849278048815559 -0.00310150421586872973
+0.00067059944155177043 +0.00400088355327258421
+0.00176786393277435705 +0.00303167618226115893
+0.00238239086946763360 +0.00422432468564321126
-0.00267324171805231057 +0.00363063868443095576
+0.00094083156457858868 +0.00678757694721357236
+0.00114090186864475827 -0.00406213151128691392
-0.00178272859685240422 -0.00441009777394265300
+0.00137614302992170251 -0.00550533643435005896
+0.00052896911890449954 +0.00495061357275842356
+0.00183412270546244940 -0.00490682698674722341
-0.00195433243712755424 +0.00338647961153657438
-0.00866518190259454868 -0.00022986874834859169
-0.00276606185311269051 +0.01135632705053710861
-0.00655089706835768320 -0.00326361311585925216
+0.00116634408633714548 -0.00654131885861986267
+0.00655600840166152207 -0.00394120547803098430
-0.00528019123124557829 -0.00350726527546328052
-0.00465437707447955741 +0.00838217462912333074
-0.00047852793239366170 +0.00415756384298865585
-0.00000351271011543911 +0.00051338763140677422
+0.00052957464237403016 -0.00405345396481640932
-0.00777293158377406236 -0.00047974192032913278
-0.00161213060012096706 +0.00201696152505099081
+0.00225823904691402040 +0.00199726752257035510
-0.00193851520242984245 -0.00210292468024671350
-0.00922022821409810948 +0.00662352322554757116
+0.00390709083249344245 -0.00056671172552874918
+0.00194310002717590900 -0.00335512231098066124
+0.00386720833055147466 -0.00250896110233814586
+0.00769840551073187884 +0.00324029593452215825
+0.00280016906137217636 -0.00176608483611205591
-0.00647674058027222169 -0.00494838596138185392
-0.00290410385989027780 +0.01341454291233785089
+0.00030190597483928969 +0.00241398991610657695
-0.00410950640641796847 -0.00024014712209864870
-0.00181305975424892059 +0.00139784655379169231
-0.00147287471113120134 -0.00305097150389701914
+0.00348009848667804730 +0.00296115761582626874
-0.00794874971825480260 +0.00073090416769070431
-0.00333482987122211624 +0.00125248752930957907
-0.00825305063218283175 -0.00241428971430327540
+0.00335538742970866583 +0.00300392313396942705
+0.00488386909525902364 -0.01145448170984487632
+0.00618893490605220819 -0.00837518700107873007
+0.00021010265619927481 +0.00399537657380649464
+0.00543218246759683693 +0.00631324178146516497
-0.00305092269920571868 +0.00017090449520267611
+0.00020940729554439061 -0.00083571768764658869
+0.00578444856207428575 -0.00131119889242789327
-0.00443383375435342855 +0.00124857425409110570
-0.00378041941245126772 +0.00253332674259225833
+0.00072998882800801783 -0.00226557311490595400
+0.00196459829408745981 -0.00390936196644472902
-0.00257488124117999330 +0.00231067311368134045
-0.00209230030705960393 +0.00073028620963242147
+0.00239494031178275708 -0.00427967320798011263
+0.00685535702646178358 -0.00103109371100422193
