-0.07342324473187633593 -0.01611847685902595417
+0.21536152958501497690 +0.03814820637414767512
+0.09452713035572229971 +0.23591017107799688857
+0.04845743010243341864 -0.21831591182685722297
-0.07326697985483082709 -0.08150345717891299691
+0.19682523055834599823 +0.13294882224674509086
+0.14138361189324127887 -0.10905809720644038530
-0.09365582856595383587 -0.16131774010223548510
-0.24460192611758641013 +0.05288712564518927017
-0.16081623615188139764 +0.12663636839077063723
-0.14418838133309280769 +0.13056343825672123149
+0.14196170936057594947 +0.07784833961828968585
+0.03211995063264333483 -0.05334445666179954415
+0.16726735117095942185 +0.15353811337801076542
-0.08835288636615995506 +0.18907655218358310201
+0.04619755004200126747 +0.00774174640180941287
+0.19529796901329266046 +0.20527818442163353607
-0.19062934279060955722 +0.13420272522961412820
-0.02932090320276997675 -0.09715105949692975917
+0.22753582458983562242 -0.00183007328819700943
-0.16388226155690449604 -0.16080369783648407189
+0.18060770172276230383 +0.01288450337360702580
-0.13015320201980573600 -0.20303925206417838822
+0.16106927198310072580 +0.18190924206132325081
+0.07143794894991312150 +0.01854970086506585458
-0.16877173212533530533 +0.24734717159029828704
-0.23750462607389072334 +0.16397655930320231832
-0.08994133719865693433 -0.14846507913161360870
+0.14616858342814781357 -0.20596086155643883453
+0.14317048349241529026 -0.01029897658765110968
-0.15010764233847301297 +0.23812024255475161549
-0.03093908431444220009 +0.16046581283293720466
-0.06684700889023098558 +0.12463371404533890585
-0.09965630567353789271 +0.02349598512162864861
+0.15586157500010544563 -0.24565200068153270063
-0.08494709764139596331 +0.21730924607934160031
+0.23738953364459780548 -0.05885131396892745448
-0.22814024937443988517 +0.08369019511911701681
-0.19206929251511845047 +0.04424484566260289409
-0.22715061621896026622 +0.24908198190120423021
+0.00040967503032879327 -0.10953875830470349850
-0.09827101212272787434 +0.11426282461646625199
-0.04273047668783730435 -0.03043937248370609527
+0.00245131191410297156 -0.04757155055697670498
-0.13685864991123142254 +0.23823327113275866163
+0.17605859404282814262 -0.03977563990382299020
-0.00918233365205883834 +0.10479522221574605334
+0.04491910922357772451 +0.09546864815591038500
+0.04912294738492767321 -0.11501394388082508691
+0.04174194350278054300 +0.09010353130243242692
-0.02120282836926595804 -0.23462660233606480453
+0.21211805860858118367 -0.21629986061502975980
+0.19076170068462539042 -0.03786294838224968373
-0.00194232499784380286 +0.10441871960844772982
+0.15394114749958609512 -0.16697078586726010752
-0.09696790743241712196 -0.13673344039030993491
-0.08782091679924558525 -0.24963946423345323433
-0.16780420958004738097 +0.14784572599815914984
-0.19125766469312172058 -0.23080912147722032479
-0.16105115951270626562 -0.12071817108765742210
+0.04607694976438109213 -0.08522078026466789469
+0.12693640296939906476 -0.05801062699019693403
+0.10044558294464472903 +0.24346413789333953837
+0.24366484066727445157 +0.19717751714549730524
-0.05028405337384828089 +0.24072539289271566165
+0.12027130102814487245 -0.03374669947861208552
+0.09168078186082490033 -0.15547330824901733903
+0.12871581935514897488 -0.09964979719644828648
-0.16291270098383842102 +0.15619277199609643558
+0.20169717541091475299 +0.24518874248922817305
-0.04112023623369587266 -0.10864390267145113134
+0.12090236165070150642 -0.12493782465443420415
+0.15699736620647536389 +0.15716215606544370331
+0.05350514971927577967 -0.01435462290511918537
+0.19988204901635375776 -0.09323073281810995150
+0.09921684591877949488 -0.04529109730920227728
+0.11568521603125547781 -0.04714868521813764257
-0.13776351623144578173 +0.14969836286288262794
+0.20803616659442991654 -0.21559640069801244699
+0.14776109388971553349 +0.11942512630723733924
+0.00131026759530594727 +0.13075643271799314293
+0.03995450196363076190 -0.04697042652624228154
-0.20740039560727135948 -0.11973412383406067949
-0.12158559845609406835 -0.07355457031648909849
+0.16127449508772545572 -0.04693962766343562354
+0.11620684510604228912 -0.07082590596040189146
+0.08029493189559255839 +0.07895961963688841179
+0.04560019294390155187 -0.11049742327894845895
-0.10180570846633568705 +0.10501618937704398915
-0.03546666422792954521 -0.09531609977489174934
+0.08714353275218644779 -0.22915544326612807824
+0.07127107780389596581 -0.06958813015333475960
+0.22842658284899419741 +0.07199772959361316893
-0.04806918236822221857 -0.11974366749870113402
-0.17423132001331143037 -0.22285976542713736848
+0.11833364984839866985 +0.08883067674537881153
+0.09679522901932952061 -0.23281546184591295212
-0.12546384169408175691 +0.12730869311476611383
-0.14679105297375139028 +0.22511362835972414942
-0.13184658043284064322 -0.15089682008205018704
-0.11664115797405533170 +0.02942448913875689298
+0.18714297023445580770 -0.04754076790162581334
-0.15415193856486136825 +0.14766782284020263383
-0.00684602725846195082 -0.08098951810829940756
+0.19983821833139808755 -0.15887092859815721280
-0.16083245453065209141 +0.02842883157875181199
+0.21231021618323570044 -0.18880178224309129842
+0.16267059060339883469 -0.13402301845270092606
+0.09788265462118589388 +0.01128831429722881863
+0.14851230985335228674 +0.24456818184049561316
-0.17205001046151829902 +0.11589356197640104940
-0.19674643290449916888 -0.02954101740038728163
-0.23364376636369676987 -0.18377941997249980233
+0.05895615051926489381 -0.05452260164003336351
+0.09933376686687317436 -0.07143896340884747787
+0.14609470914677169517 -0.05234500446210238467
+0.20063514096250067986 +0.05744061423084900753
+0.15236635273428694726 -0.22248677836614372261
-0.23949837557450376346 -0.10134518893560329200
-0.21783172883461426883 -0.03566949855474554898
-0.00187169351648963644 -0.20277215508881196726
+0.20932916820656582990 +0.08352207185816956647
-0.07126281317764260326 +0.05908096519831779192
-0.02836887797456988380 +0.10096962667353243104
-0.13905969329744999330 -0.17042102944587206315
+0.05456857183520946730 -0.17458423032018011156
-0.15006422802635760450 -0.24793802348458376938
+0.08767893321032199649 -0.13480780450667578796
-0.08025095834752921098 +0.02421037094709255211
-0.24909158976622769455 +0.14162530179697391253
-0.16844151774571214375 +0.24927659578550659392
-0.07053783644342143111 -0.12167341857186536602
+0.19562469630685230815 +0.06972778446441413314
-0.10398514449320972464 +0.24844239895697856069
-0.15573338937069886034 -0.04315883770787326545
-0.18495672990191175389 -0.16220785666094872379
-0.17400353602429541322 +0.04387502236527440758
+0.03018867159799470956 +0.05247402793157823764
+0.18648710329143658448 -0.18646028406325171334
-0.08918356783082653783 -0.12316070060085310134
+0.13364888453334539120 +0.20336184328278961164
+0.02571228602867070556 -0.07803124393639726541
+0.11597956152929433937 -0.07289600577873411869
-0.24830831566418770651 -0.01835074450498253018
+0.13669632138003828814 +0.03677490218699902558
+0.21881688202364857343 -0.23652363347117999481
-0.24473369242099529686 -0.19536469261447836354
+0.06964683023182033361 +0.10827971703530675507
+0.23739504103491920750 +0.09690294692112211283
+0.19817927213124642005 -0.06283391968432278096
-0.19395237533351272763 -0.20478452129086649469
-0.02226167648260768406 -0.13162261449880841013
-0.20230119155962450472 -0.02895644525227780708
-0.00326359203524673180 +0.21122095611745428378
+0.08793315064554990679 -0.15117540234738757743
+0.04355620273082516647 +0.01836559872634418999
+0.01542745306180909326 +0.23588970091662514461
-0.23629815859113451060 +0.20771728392539717811
+0.20298715977768566621 -0.10615901029246754828
+0.14498797434337290513 -0.14199289163843792361
-0.13291557116019925289 +0.01622913708659279308
+0.17804101876644939928 -0.10651192830784689258
+0.21590390107665347053 +0.03743450075349308293
-0.13263662398049830271 +0.24430537476610547643
+0.19467961393284222149 +0.21949365184374391990
+0.08184416995769494552 +0.13410057911604494896
+0.04682823642648159534 +0.24487744617066709019
-0.10931106224245512593 +0.01411394061404247502
+0.13118016819109434845 +0.23553238926829650479
+0.18949301382014244188 +0.13107750613650642757
-0.12725228183899389700 -0.23401871681741376330
+0.20726571284832168152 -0.11393784176032001332
-0.14004096324380294059 +0.04215132357950229780
+0.00379011837747617042 -0.17728957452328586442
+0.02306116536056324051 -0.24603517272330710508
+0.07474466213377672918 -0.09060187623270704593
-0.14589835876696766181 -0.05820116718930518074
+0.00052965867097770625 -0.02821853560714954190
+0.15489444047645983815 -0.08256120480783557536
-0.13265778239630088287 +0.01067051899283294469
+0.00804745664234235436 -0.14104796415813442012
-0.11731049090063133677 -0.05526381825108883650
+0.20186919430629202132 -0.21938814184537797081
+0.01769021520742469766 -0.15221461720189716216
+0.07416143542538228273 +0.19383412914314246400
-0.05386473061805341356 -0.07863256922059430609
+0.03412311519070515553 +0.06214475207776382071
+0.03665934716492136314 -0.06514528554283038897
+0.15704505824759618093 +0.05099160406968383796
-0.03457442523963799585 +0.22996423440015167916
+0.00251107450979537461 -0.19535058681521660917
+0.13643621783962367466 -0.02521227635307538018
+0.16187601582022664859 -0.18650418055092959912
+0.12898205842345505934 -0.00070330344815944246
+0.13793536523010030415 -0.19837541882156778383
-0.19780654402622555033 +0.10897527522582228787
-0.04408705404628521229 +0.05193951793555190433
-0.03694463701570810388 -0.17217983442595752308
-0.02906021136242259439 -0.17997950366519838150
+0.05389492258213812725 +0.05924800625992560077
+0.04276054836377207735 -0.07972524074627695967
+0.08904952038538321846 -0.10076154284677651951
-0.08135593440464317094 +0.10660050507867119274
-0.15953647732302261852 -0.07931751964977862279
+0.23666316352398103495 -0.18176843342626403111
+0.11141467542801974933 -0.18361421079674611345
+0.07777162005532428646 -0.18092314754596017234
+0.24793847497888021891 +0.21277346586207207535
-0.13955915630543708206 -0.14076235929595642959
-0.00909484748621158801 -0.02722228875813931248
-0.24009432458928731124 -0.08603825665216796592
+0.11782133343879791498 +0.17078564200525669925
-0.03353742112351187910 +0.07410505461839450581
-0.00431427940934531184 -0.01459152650796186057
+0.12507350558955093733 +0.19853538809834481160
-0.11563313634960470377 +0.15966634186305450616
+0.06579657927940402162 +0.10262794154802634683
-0.03099806626605089432 -0.22902760911958802703
+0.08846948461136389108 -0.11855124828031543549
+0.19168155759708860320 +0.15707015689370612543
+0.21190684713264884564 +0.11279720924723174447
+0.14955901484664418932 +0.19352267476939916113
+0.23631646089397334576 +0.09073552513426857979
+0.08531102738676543673 -0.11349850476941691912
+0.15751865490017441518 -0.13552736036948564990
+0.09758350764781337228 -0.20151199278322001751
-0.11543600966400452412 -0.20411283727102075281
+0.06103823931600960151 -0.01348627291488668778
-0.23506166527395394583 -0.19477725317528687965
-0.05555672251013316076 -0.01788274433316738854
-0.14801560481099895750 -0.14004879991155855246
-0.05141501329532005560 +0.06214243469826069566
-0.20731902393238510474 -0.01431401547178079436
+0.19469272108591767489 +0.01084024312554282554
+0.19580333419519707627 +0.21249521601951071315
-0.24159273244682966109 -0.12813548046242601020
+0.18531374633112862593 +0.08155479562175965702
+0.00821339860441205882 -0.00460141431174870830
+0.23646870251806118013 +0.05977107854142854615
-0.24612902244352835579 +0.19278428008323650333
+0.23575809872896352770 -0.00535603101448012264
+0.19391607889720491320 +0.24363254238256876194
+0.10088039377771462757 +0.07708918026223993136
-0.09935231406144934274 -0.17556854186644210714
-0.19025630863439685347 -0.01686026035888732455
+0.22101517874321408019 +0.11404085900120569663
+0.05386581097418935427 +0.14293078855494678603
+0.12070511093478197839 -0.10495101743637119673
-0.23815742948556761771 +0.08641556549630491357
-0.21542195974527572622 +0.12543041336740523573
-0.02352410234887120088 -0.09393101202985210119
+0.17118332676177278051 -0.12938986562785309564
+0.16944312634230573877 -0.15222400112784928439
-0.00583263324550165052 -0.17174548091891672641
-0.11589563550413123361 -0.13483389132547196620
+0.23926484448842311181 +0.13069524059759796142
-0.23270268215177841720 +0.13450860503899392251
-0.06439361135979754236 +0.04726892119465142539
-0.23036555511735812285 +0.03524352120333817950
-0.01099173602467529154 -0.14997947761805069389
-0.22589296029069633187 +0.19532875044371783568
-0.10490244032734524771 -0.20059682408603390913
-0.04084701624426390065 -0.19371508030879647233
-0.09106433353400483766 +0.12385039056813995639
+0.13809067971081018245 +0.15381469698204391916
-0.20050123260411611970 -0.06964526742169985241
-0.05822077551207954782 +0.12451928706139303582
-0.12866402506359303493 -0.15096503375364295207
+0.24333791889023226318 +0.00316506283835493729
-0.11473389983737375397 -0.05439570371795926507
+0.19496703208834048615 -0.10755406513146031910
+0.03343787615888593745 +0.07403759715515884077
-0.05222113185699239768 -0.10486720189600517994
+0.17817237733816776446 +0.01344562548405331404
+0.16867968939056804389 +0.06031415993456429314
-0.13366842609049206514 -0.24100615158379173897
-0.14030687854896151112 -0.09921424721527671853
-0.05860043743233350755 +0.04473225293601706953
-0.19017215130738290840 -0.19478061606525415295
-0.13758258814294721528 +0.12241111931032044868
-0.19824652417500376878 -0.04575020956731035149
-0.14540983579747390753 +0.00042216869636135801
-0.03707258593131190771 +0.00281618190418869707
-0.00767101564124811341 -0.12392905009271210082
-0.09150563815306489435 +0.02725917834269242501
+0.21406514956274014239 -0.23676747219288651891
-0.15451167369456270118 +0.12763626811686284990
+0.18785198621186061096 +0.20942008231837910825
+0.00673566645551232357 +0.07462238528893860856
+0.14314606158002635139 -0.15145013344999053162
-0.00498535177193887291 +0.23852583549745876024
-0.11246602316948689504 +0.08234320982835313663
+0.03983841008958111107 -0.18512850435827588047
+0.24048996083939638835 -0.04772634891227717224
+0.23101850685404928809 -0.10710608849566044531
-0.06190114778883581970 -0.04054755922148223224
-0.06556959794681815890 -0.07395976622223154884
-0.18712136645753330022 -0.07309486210943805240
-0.15665124341289782262 +0.23018355063054241061
+0.03647083331564121567 +0.06723106478567758559
+0.16789976604720618925 -0.08732246720710357124
-0.23489445487177351701 -0.21656249854446946168
+0.22788368205812231659 -0.18850673241870219421
+0.13125153404494865894 +0.00469333964791585068
-0.14321972574774616271 -0.16571310010684403569
-0.17429172177052598691 -0.10542361817508655308
+0.09822452527949399048 +0.06974501993202553152
-0.17540063092785873611 +0.10391737602150352693
+0.18845524520015866088 -0.21242500345293818809
+0.24519271191366459606 +0.22070962847443637012
-0.01781548067984622952 -0.22082636221396018117
+0.13878794341359412812 -0.12721311950365377097
+0.00227842047196535891 +0.17907979383633382264
+0.03608238696282017877 -0.08637582604368715389
+0.16245328296322059103 +0.21626547883220031965
-0.11866866585245078314 -0.08205080203027631525
-0.05738450984759813078 +0.05864360444751953727
+0.09653528416910245324 +0.11584129626166667082
+0.02146784301271703610 +0.06660079683717368138
+0.19988616479111986912 +0.07045956082136489718
+0.10287507048019473022 +0.13360674268988298463
+0.04380650690975607109 -0.03914084160730424422
+0.02322659191311821081 -0.21000999059710184769
+0.06207919123098681879 +0.01092200859308378735
-0.07733244142703660229 -0.22639064130430847088
-0.23559541254143073763 -0.11690681322662371810
-0.11826432181098489593 +0.08018352447980342523
+0.13696840508130536662 -0.13513367906480022729
+0.22697205808919335146 -0.19702829852032688329
-0.05385440929917406638 +0.16779742140094555669
-0.09308039356705755107 +0.13179405636240631994
+0.06336172537385365011 -0.07972212192164235267
-0.23651759916747311374 +0.13769990027774087205
+0.12982571465076025996 +0.16421063385233342080
+0.16104145856316443020 +0.06355905794061006420
+0.03609660177508056123 -0.04590691250702910731
-0.18230144051599089794 -0.14349580714165433015
-0.04275776361462141351 +0.03013834511008917083
+0.08561807214139893762 -0.08619747405870192836
-0.16004106651049487819 -0.21941322203048568840
+0.21783590844772177109 +0.05162143945733543848
+0.17926905269343712535 +0.06878647574284169064
+0.22398555615078280523 -0.17544852604912802851
+0.01641670439777587198 -0.21151562523474415345
-0.18366981316456881812 -0.13890279376387831833
+0.22212946779696979283 -0.01509013718445967323
+0.24273266159953976739 -0.09313193829258420431
-0.24738621706740177020 +0.11536743677916122541
+0.18826173485746655611 -0.23630194502609291884
+0.21715554228812866677 -0.18685692124559644123
-0.08120679570948613479 -0.21377962197730365768
+0.16713532269422609611 +0.24549262952684075545
+0.19297108641532778606 +0.05663427867318654441
-0.10685568042262455490 +0.03007160217590842954
+0.15223835941210467348 -0.11122482478709611042
-0.07729215472415185140 -0.04470588833799354900
-0.10818278011178839026 -0.14879783124379303283
-0.09006021284865828314 +0.23443854132564784232
+0.21765295127666017816 +0.10584800079976475207
-0.00207185820169958346 -0.00039367715565835626
+0.10803692388769026156 -0.09690810555368944978
-0.08650621368482558360 -0.21316491520684893723
-0.11378706581006453602 +0.09789051963931388878
-0.14028934178790708476 -0.22382770514915828475
-0.14388494284744252072 +0.18326779225504619131
-0.16704860255443571004 -0.17042379412503494418
+0.02088435993789372613 -0.01588693710547284255
+0.22521207070975923781 -0.21180488877406045134
-0.13452191148005382404 +0.06897592550109499232
-0.15420805907173668059 +0.16358936057783801665
-0.17321092475917476694 +0.16512967773586312292
+0.15922872318480574272 -0.17906804956114652505
-0.17898204010723828272 +0.17865075484512615844
+0.13810021851485343447 -0.16417783498439209033
+0.04173683622575552477 +0.03032513810544329447
+0.21674122262291323215 -0.15554671528752295195
-0.01195760809462287355 +0.14661380644419658159
-0.18900650553928838304 +0.06447860141751304841
+0.18349159262547426463 -0.22896528447796293815
-0.22545271654330734101 +0.01480819996323623489
+0.04072295588711716263 +0.05470187344494559234
-0.08038662058348905459 +0.18601514987610417995
-0.21091452256475345939 +0.04976159606195351692
-0.05815919618508991196 +0.10409920712586789859
-0.05262542603728603829 -0.20992886734659432779
+0.09026436435043067030 -0.15777193193163829843
-0.21018588017717382277 +0.22592993085865425984
+0.18436153202621596847 +0.15560393447646481135
+0.15384717910495426807 +0.19878816857756653746
-0.04923219433117820287 -0.08220821904330666285
-0.02335719598420638032 -0.14702428432895020549
+0.24492456037140264424 +0.18019389280412040355
-0.03017602030848454131 +0.21483193055162619345
-0.23680798105336831050 +0.13405545155739184704
-0.16729288761559840681 +0.13523835899037206509
+0.12080232201347446130 -0.11183321269645968288
-0.21331969619871926636 +0.10945201625134681755
+0.02384694190367125932 +0.22564303502547528035
-0.17592669169181884836 +0.00995877891294932871
-0.06911191552049394948 -0.05415461847699176712
+0.02839691742519467876 +0.09868462553225870737
-0.20834914858574965502 -0.05829492746445025242
-0.08383151806681388152 +0.07011838147250926134
+0.05595125322491401043 -0.06266490988371808957
-0.06938550426886375133 -0.14954883353261821943
+0.23022568021229378177 +0.17348026323131621185
+0.09562770015167909587 -0.07441493461648746033
-0.12747463013589238612 -0.23457983441283575266
-0.16957389882717455176 -0.22197105241905484840
-0.18509353074474221845 +0.09926403452201765232
+0.00263131469662175599 +0.05748935319510278807
+0.08923800942313603324 -0.21818667759707383036
-0.17646447821672778256 +0.19765949917694852767
+0.18877349536416571096 +0.08483012072397294601
-0.05598253444314310601 +0.12829090895953121354
-0.09707138741926413239 -0.21089034480874674360
+0.20647044241191792047 +0.08237934249150252741
+0.19468995964670637866 -0.02327187465998997729
+0.17608784456271076024 -0.01931681103627769236
+0.12084143475122122169 -0.13969912736780210061
-0.15165852293862019939 +0.18568273862428008592
+0.02065222185520865228 +0.12822094179204873710
+0.19547207223176404911 +0.14881047603071034802
+0.19604456039412149204 -0.17717886172241320564
+0.08581797700158838582 -0.06764980987345570185
-0.21925833804440331143 +0.16821102641839069669
+0.12252224151802626473 -0.12748450819553652780
+0.09296131630859533201 -0.13079224107468495619
-0.06781088444916499869 +0.11842553974843733622
-0.19759563268309315864 -0.17610387206284272565
-0.01991034209947251110 +0.24476393008039043497
-0.16273541392785179083 -0.21969028035216786598
-0.13647951878421826777 -0.00078961844824404492
-0.23110274045805873078 +0.23396552576010709590
+0.13282907862536902366 +0.02128524789541191842
-0.14012034644514048676 +0.05941113128683855882
+0.04532882701900475819 +0.09064260283890135383
+0.12658701010734035863 -0.21028332093529739089
+0.05321726806708404478 -0.19614753099695259042
+0.22083134597211140360 -0.00404658689611947509
-0.13732030167674380561 -0.09779062311698616394
+0.05954668079224939570 -0.05455330214635145669
-0.19933705862257328212 +0.06225341817254226306
-0.04309967107657791674 -0.14275408098399738899
+0.17659863991966651131 +0.07518946939073106739
-0.02261632803435098538 -0.00647952930254597215
+0.01927046998386139354 +0.23035757810867990569
+0.17947809719255525263 -0.09023601099877393006
+0.16902200645107623433 +0.17058331413233451812
+0.18199868502144661564 -0.14059561054056951557
-0.19432963811799341958 +0.22806742853406208882
-0.04426795696289842486 +0.18107055141235661733
+0.19946179393167456917 +0.10162751397776120799
+0.04842985622094825304 -0.24203840162279183224
+0.19934811922476025625 +0.15264509051078406499
+0.17068834807035615508 +0.13480662162025641715
-0.07694711692560157745 -0.14016868134285481728
-0.02765650066495173309 +0.11144656832216043307
+0.17683364824937397586 +0.08932812111764160123
+0.02015458484361615232 -0.10894374623063407537
-0.13274953069135142503 +0.18065479667345368808
-0.16787322107264707194 +0.02122306880287289088
-0.24613982605833167883 -0.08741080485062635574
-0.19754860593251466483 -0.22269910101637024891
-0.01537499100182959655 -0.00092833661275643076
+0.13202063009251591152 -0.19715025187469209511
-0.00504268339724694981 -0.24704748558675920789
-0.09553811796093514275 -0.07629900436269232422
-0.19016213422203176453 +0.04790575839792909907
-0.18378440439073739920 -0.22899112829650880574
-0.10967768856864018590 +0.08909391647323705588
+0.02989236141022411086 -0.21356908493082105149
-0.03285275444403390477 -0.07702062365098810703
-0.18059048346551487274 -0.20352424863250523357
-0.15350420597399777600 -0.22237660064281961070
+0.17787729800894197529 -0.24693690119158201446
-0.04669370860212757046 +0.08814041397872823813
+0.14710748876053847400 -0.10537190505551186082
-0.15118193824099923628 -0.04344762926166001460
+0.14818230640340873672 +0.19093320699198707002
+0.06826623056682379342 +0.19989265480419265986
-0.07289392286381407571 +0.02954226374284346646
+0.01356652001786123884 +0.07497516073150123361
+0.23198932706236502499 -0.06482936486234369688
-0.17729548265056943590 -0.12726208694100871188
+0.05116637471929941228 +0.04557769351985402340
-0.23062592724154151735 +0.02032110302708595162
-0.17732463513503970987 +0.11224649034003730819
-0.11623418009480884772 -0.01513182357132136779
-0.09034435343317653855 +0.08784724688447892449
+0.20770078100347511008 +0.00918074492586556934
-0.18956146149524710776 +0.11777696780475793714
-0.11734612798819477053 +0.21945711024156006053
-0.00030640568688361514 -0.18002175627629574128
-0.03719820460624795322 -0.22144302322674169758
-0.03115729037213049724 -0.03551065908990252984
-0.04916316079299071218 -0.04649773461542361375
-0.00937899503125411149 -0.05978160860853048986
+0.12169837450410186941 +0.20985514761488699431
+0.19004783165490740648 +0.13204485336865423584
+0.14542499267338887536 +0.03131609908510207818
+0.06929703384355279105 +0.19332034562479000206
+0.14265859189848961730 +0.10889210975143798210
+0.21388107737060091385 -0.17999237548056451486
+0.03213678609647130369 -0.10162906195400434051
-0.00727480863734852878 +0.03779147949554340080
-0.14930994113091283770 -0.19666697610421030040
+0.17834678805629261555 +0.08929468184415728649
-0.04955574372405341377 +0.12478418336320440396
-0.17579708537836297166 +0.07586076047435469372
+0.13075002986686468098 +0.24594727009271688534
+0.15519841320277094621 -0.04891126753754954093
+0.12490154542673587157 -0.03005697816208330320
+0.05060282170760016518 -0.11411196857922223380
-0.07530430485323780232 +0.11422304306893260595
-0.24663350249471699405 +0.18168884671306689826
-0.01428565163632700141 +0.08727773718820647231
-0.06181622224351451811 +0.21837231413612012698
+0.17141811122555022928 +0.18882752485567450007
-0.09053641895044500787 +0.02666927094815996213
-0.00398900500664745028 +0.07228442459890238592
+0.02806301331840854729 +0.20594356996593643494
+0.14670211811232264365 +0.12736668134771328420
-0.22810369359442600468 -0.21785009328189308686
+0.12913658643922620861 +0.18539477040979135403
-0.20567006040348884133 +0.01650300185009057063
-0.22290565357571406890 +0.23353111286801714330
-0.21389848333640187894 +0.16008370357087148284
+0.16656211612345389605 -0.14929470122402616061
+0.18360847065158036884 +0.05771838901131925992
+0.08602961072989484537 +0.12196834239969750469
+0.21321176957539111907 +0.09186366027322928618
-0.17556647088596655237 -0.00649766965424281029
-0.10308100896470739904 -0.10770941096419761607
-0.18204600534514264742 +0.10179924835946840833
+0.04578225985334904991 -0.06038397558062852388
+0.02971144173263556842 +0.17780317116734978278
-0.21175257939921615646 -0.07736152710477955941
-0.16565459065903109792 -0.20040448026779278390
-0.23371807224748852860 -0.23774397205259067967
+0.20711693933128771938 -0.16252348549230366537
-0.11217021747081223904 +0.03424928876334532024
-0.22898197802376279997 -0.24239264419468042888
-0.15269859538878866045 +0.18309768667932524444
-0.07326272530452787590 -0.01226513839867759970
-0.00195478334686816080 -0.13384784178718694969
-0.02808580272330252203 -0.24446513463120483900
+0.22014704889622799255 -0.17479103271581203360
+0.00437370068611087071 -0.21228673893609328882
-0.06604134788691046198 +0.03414302927911905261
+0.21657501052518923768 -0.07378441703532889751
+0.23365254367658938595 -0.14899862254125284533
+0.09332280457602215584 -0.13700372642665609169
+0.21607908976024342573 -0.10203850916472384514
-0.10896732874055486961 -0.06755933706349437351
+0.17345332962235454621 -0.22698293060987634329
-0.09405659445141717478 +0.02783348268519025837
-0.21028429631160938662 +0.09055510962926111018
-0.20558188224344292605 +0.20421163437428863086
-0.17217900472602554185 -0.06252720539413669787
+0.13767618226589556363 +0.12289981194910565288
+0.17743734146980261190 +0.10571383332057121551
-0.21615134169391103658 +0.14699385801213493696
+0.03881548694235237296 +0.05766604671403730009
+0.15709343710731610289 -0.13922734346991078036
+0.24415462942092081011 +0.00028480500324018498
-0.00459619290268792335 -0.21241041039021685277
-0.12813016697965712298 -0.05120879782057163876
+0.12174871727655545151 -0.15608040255297250809
+0.09740147610474364503 -0.11635051847698241190
+0.13131204732744217178 +0.22232673466310343136
-0.05129518729877924343 +0.02121849891600352533
-0.04545903447311649970 +0.03806179298667633493
+0.23140637520605467081 -0.08018156665355280488
-0.15460838332906501336 -0.03737432851344885121
-0.03268114745899958207 +0.07978983999310129693
-0.09914352199345749517 -0.10187229934390812369
+0.03761805452943095540 +0.18333556739197387486
-0.05833110525144508118 -0.00128325688965086337
+0.01554611492920954241 +0.10577829807242500326
-0.11240665504933811114 -0.13336767022784146164
-0.02939646729536560255 -0.12371708511155382615
-0.10306928998116521301 +0.11016507891403604091
+0.05963003103216579781 +0.12657227194431880379
+0.05214925740213638417 -0.23571973528472844883
-0.17178685680293825921 +0.04541247874030485132
+0.09933804741001844851 -0.16064954006309228873
+0.16519597569680366522 +0.00475486611855696628
-0.13436063752171062413 +0.05454577230732499116
+0.02860674659051776203 -0.04962976280590297717
-0.09351696622331967523 +0.15548540582289327450
-0.00634875021029246422 +0.01818689875931212008
-0.11185398005006563782 -0.17894644464592546207
+0.22017178073065424293 +0.17782347880186138989
+0.18682760959991295824 -0.07242243138322335128
+0.24218068872056508489 -0.11796938553170821518
+0.20274324964371737146 +0.06920033076673587358
+0.10185689259062330470 -0.10910189802136238679
+0.03136815416455224215 +0.11793573000317653099
-0.22928750875447351243 +0.04857186516641026630
-0.02808526786670439979 -0.12451493819013381703
-0.20478331608407468467 +0.11255714677200379104
-0.18309966021003498682 +0.11861522138499613899
+0.20451976560541479389 +0.24923694425945491782
+0.11799600054241499159 -0.04805056660258705259
+0.15752242056734511166 -0.21941797438012422550
+0.18099264241358464789 +0.20197985445867805421
+0.19547249846462916301 +0.22611288412849595009
-0.20702848099539095106 +0.02224357956528866254
-0.24224920451969067514 +0.10744455800707042314
-0.10142865123950650652 -0.16197798117845851884
+0.21193333552318294188 -0.24818489107678537442
-0.12583564305186578647 +0.09532809826339716519
+0.03653033675074435216 +0.04448156435259825736
-0.06695290041189816410 +0.21498454581760612081
-0.01730757139634309105 +0.06088874612062117331
+0.13963974125097000645 -0.17123629628155950799
-0.18477346884607298572 +0.07114126580583041148
+0.22466600438697875708 +0.20677530691321943657
-0.06551013503029978757 -0.14417013336682948932
+0.21401805561253978150 -0.14335457051477906720
+0.10232266997103833805 +0.01198057854226008967
-0.09528798358621110021 +0.05906783611411914325
+0.04566361165419624557 +0.22325976553771231803
-0.21733487801913209392 +0.17721486271072478536
-0.15936185117338669270 -0.05902556057920327337
-0.06026580642067513871 +0.16677173528094330068
+0.04289411357990668971 -0.02848338640907688291
-0.03639788977841618145 -0.15420257428790723475
-0.13738392367917234838 -0.08417059951957167607
+0.04075784404621668466 -0.16462243937834902807
-0.08780127751830923977 -0.14690367485925659441
+0.14382166168447874099 -0.11764282978736634311
+0.17233764273916690746 +0.06037504366805118705
+0.22008392665368825547 +0.14772600051539930277
-0.08454618943652475460 +0.12168433997788369316
-0.01557214874992390863 +0.17657906734911044122
-0.08527694356819986998 +0.22324812675504984716
-0.23072275556181642830 -0.21549044924830024206
-0.02054109759581751460 +0.02949499135379202164
-0.09621455931628974945 +0.18053070115175073873
-0.03812287115548662619 -0.14272363570057855497
-0.10793299836025976868 -0.18320860222894674862
+0.13734644079989449805 -0.22812967787449844881
-0.15184805821981661733 +0.10389098007624203435
+0.15331294324199606915 -0.05870977898216517277
-0.23624882761131615894 +0.21903723948699216351
+0.10534488992371854321 -0.11418931318763758664
-0.11133634499823863440 +0.16498737575719180093
-0.15514593785166352902 -0.19876534663364664457
-0.10664538414676955069 -0.23384232313073893827
-0.06888515839279601982 -0.15844834473803948161
-0.12631500435184589426 -0.22146066558651261724
+0.08280372609776587289 +0.23636449314745128225
+0.08521889919261799173 -0.18362133715155570801
+0.21707035149053699463 -0.23246159382311387676
+0.13218032726068590366 +0.20034325528835583707
-0.03448791775885406974 -0.15731243068250572170
+0.20470773482472365279 +0.05213869472505466840
-0.07708326170944423961 +0.00942961566009042906
-0.19359073482041350145 +0.00652599166506290240
+0.19831435364459337745 +0.04146545499530002177
-0.21789108546778562792 -0.11023985611122949502
+0.23960800360856931990 -0.05302453328775064145
-0.21349780840207249755 -0.20574093656395509022
+0.11402536093140736018 -0.03237629260871188741
-0.11037121275529404585 +0.24167152237162908834
-0.11141745358141075251 +0.04948940421105202381
+0.19003084848635137805 -0.13583447716138230543
-0.20279733725310333803 +0.13691538547034315387
-0.09235627510607841151 -0.20311776245883467196
-0.05236678515379866727 +0.16518476657413694308
+0.13533676569158042957 +0.17210583990869732229
-0.19889809550406450933 -0.21862147959376782014
+0.00325526304463835681 -0.03721400765620747064
+0.23494710553822584220 +0.21702145723270671596
+0.05166348957206762238 +0.24289299096968458569
+0.09329753653179484463 +0.07962547438628148067
+0.24803396225094237471 +0.19325146203913540210
-0.15980159643367120026 -0.14346026939145989365
+0.24281274100670829919 -0.24489759064129007493
+0.24249632794865111363 -0.01477220101790194251
-0.10218283372728798053 -0.17961204334609215394
-0.15539626653075111484 -0.21180923730709366737
+0.17515068579151882311 -0.24653465194208606936
-0.07449760076973693801 -0.11529327996276833579
-0.23760885258279845766 -0.01431780262644932744
+0.00302299565033786743 -0.12431424245511785154
-0.14914497128828679839 +0.17489407660812861245
-0.14764784341342779284 -0.21475315265408601029
+0.14101499622607316375 +0.24483648554297932076
-0.08931976496958232703 +0.08161146022230664210
+0.17714342149888961941 +0.16997111450350388395
+0.22464324326707801882 -0.15521419771022770817
-0.13131868211156250137 -0.01593303977433818686
-0.18116433558869143861 -0.00069189582545881034
+0.04256781253102959184 +0.00521843637124602688
-0.09699491088409173400 -0.10549139968833859404
+0.03098669622162114612 +0.14309402414887245625
-0.02699928426304920581 -0.09711619125011283771
-0.01621889215454541677 +0.01373112210504306985
-0.15072047501752877663 -0.02421593161319812726
+0.07998454652644604312 +0.19589072256020101381
+0.24280048950210014747 -0.18116797589089389531
-0.02625474319824894209 -0.02993664684471514237
+0.01861844740526902298 -0.21202691629466208223
-0.19482600356863516433 -0.14644367395708107749
+0.14050641057695306690 -0.13721949494456608942
-0.12474081275681081493 -0.24152597992692687034
+0.14019523064000227741 -0.21021072829209269672
-0.18181326879848985767 -0.16810029575528417922
+0.20485212412631154111 -0.19453697830439464767
+0.20900691215301808734 +0.16743734507407448397
-0.11032730374721783084 +0.05309761453974520817
+0.10184597347658758126 +0.14022039422072707371
-0.10064524174411165758 +0.04904921530541855867
-0.13390399270160502354 -0.18282858973029142424
-0.14121900276907428662 +0.13494391693198554139
+0.15213325782218062310 -0.24646251066875890512
+0.21094185204987309090 -0.13522506133704687015
+0.02986847955542576427 -0.09155406376195751594
-0.14054725191402644979 -0.03186164303493727035
-0.01212426875736283272 +0.20308580805281434278
+0.11508445720283999592 +0.05317034874634984920
-0.21723641770759333225 +0.10077561094286852095
+0.03271914672847731076 -0.18623480881106418972
-0.19890841947221998831 -0.01282963897972472234
-0.11313380771058190177 +0.21347043536795279328
-0.01630948518379543577 -0.19480247851136178738
+0.03769400084550911245 +0.09990602068088250132
-0.11137889086545638140 +0.08386564477572217013
-0.16479708421755628889 -0.11706741538057957586
+0.22766268043207249505 -0.01011060826849469185
-0.04885168232608161354 +0.17617272770201636289
-0.02655616635670360326 +0.05569203763747671010
-0.17615648685824897290 +0.17989592789380282056
+0.04267239249193427453 +0.21401079516148086013
-0.22614734608860781462 +0.02840882190860960499
-0.16608488754367239926 -0.23676251087694838438
+0.00510518403338505733 +0.02789582678996910259
-0.18191711868017518272 -0.08227687509849446190
+0.18691276473087026222 -0.23478612912884067043
-0.08204389508728887614 +0.15352189417167344532
-0.03473473392761183831 -0.03724977172149723792
+0.17405999403205990594 -0.02432232361938541088
-0.15728594631237619028 -0.16930517310553944155
-0.04611508374251865883 +0.12557424816642964727
+0.07632256768935397062 -0.05814603100440551842
-0.15725209730208655756 +0.21032571096896812701
-0.17850617904782423162 +0.24010264941163028674
-0.00240357986104972055 +0.06505397487863540107
-0.00170666633742538876 -0.03194873110470736188
-0.08114311222369591237 -0.14045527939678009721
-0.01856559141931579671 -0.08000754927656605897
-0.00674705378004014644 -0.09420947288608266801
-0.08329797622759632647 -0.24661122976503974114
+0.11383796678543306458 +0.09155254725357969692
+0.16754891246282860306 -0.05206234974079831934
+0.04136364745375664675 +0.21457481445435011569
-0.08438517898773345571 +0.09255103786678786637
+0.02700404335336409334 -0.20700461618685656040
+0.09546629773157278009 +0.24506275404233474058
+0.04022388193697368219 -0.05838698047073037634
-0.14249207905652866435 +0.08026697876742000526
+0.14773801779205553153 -0.04487335563672517624
-0.21745372482918434720 -0.20930426798916956788
+0.05195261234776443748 -0.03211920003856832961
+0.00994822579004372987 +0.14092703666374578608
+0.02292605187444518577 +0.09995907691022787311
-0.23356180174067853184 +0.19760879508045303687
+0.10607287897153000467 +0.18291196689114597174
+0.24369514325251601106 -0.16125582261175819276
+0.12512598581237915907 +0.10089282187248244105
+0.03084389351510496979 +0.00535637818204809379
+0.02171599157104470157 +0.13832326254904531160
+0.00729337277749708690 +0.16061532652202281657
+0.01780308436027489005 +0.14661891159169726517
-0.08123980500449062836 -0.18097736959811666635
-0.22047910009091675754 -0.08970545970335203068
-0.01121033377158964228 +0.18245232359993163174
+0.11431140311321486003 +0.16831454843238596863
-0.08182304937136941625 +0.05650803443331858800
+0.24053870012932826450 +0.23073327621412564881
-0.02833894712300466523 -0.09107952824209208931
-0.17876608845807218096 -0.00928975207750570853
+0.13942657352780180036 +0.07393105531878740866
-0.03256084805116493675 +0.24245248049837936355
-0.19116765996573970021 +0.11104004403277900614
+0.06181799929846221175 -0.17713690872987508662
+0.15260757610276465268 +0.24995946253166712037
-0.08992040595112710255 +0.19304908446491703122
+0.23372738100649548265 -0.11160966333508692827
+0.06308442018888665848 -0.00351253408339091688
+0.13846214682715740629 +0.14991904481406098659
+0.20967051478024828493 -0.00026116579081009172
+0.05501131681559423559 +0.24027198636483282357
+0.21912754023980396401 -0.21642194998568103914
-0.23862245444466689825 +0.03292845032293267860
+0.23924042661134553578 +0.11659646772052173480
+0.06708799288782063552 +0.14354326263355576820
-0.06106664960425506328 -0.15773656049375806010
-0.13419411304175615784 -0.15182733895372069188
+0.18177993164005135096 -0.09889827968888109666
+0.22274219337397072049 +0.10350176688937301472
+0.02675831044854948271 +0.24395339087720713245
+0.02618414012650083222 +0.08983748023672633032
-0.18386541830135100239 -0.02590704515968922372
-0.09941920762420086710 +0.03675555528275015194
-0.19176021374137780517 +0.03809767580000433806
-0.16214037523610502767 -0.07223961017034513654
-0.22356079770826825515 -0.10699871795064253011
-0.12296535276503017808 -0.18619118263696510240
+0.22857761633590606420 -0.09778711065295814242
+0.04984245237299628206 -0.17354392328330980888
+0.11729396064387886955 -0.08287757566331260817
+0.20201055710889764816 -0.16900682530141941662
+0.01098014571565070208 -0.16586607776747108733
+0.12937155475396311388 +0.10141664376257003566
+0.06918825988056054310 +0.06258147887175929958
-0.20527222730775701587 -0.17323649196676033091
+0.03957468505609063048 +0.18671905484816209153
-0.14686795508953981448 +0.14226518847041597082
-0.05192260770537865389 +0.20512464172290312270
+0.04755788541197297770 +0.23748530410702911597
+0.17138627662824806874 +0.09422378578706136487
+0.24064908065161522144 -0.16675819656702844940
+0.16988717858336865874 -0.21906157588898217403
+0.00793100023108994634 -0.02659898751741845979
+0.11142021943689184305 +0.18619042250727141363
+0.02182853553985003581 -0.24032707294229205264
+0.16055431362547617491 +0.16303283680781405218
+0.03095889876721835687 +0.17013530169981627704
-0.00097180958557530062 +0.22465066065488792368
+0.18866179512931235962 -0.07086050633836499246
-0.17141894258999124112 -0.24900466727777953446
+0.06778834641989156529 +0.23573933221209819600
-0.01577174526769409280 -0.11557752313475455619
+0.10827276643915301202 -0.03192558272572337819
+0.00484254958557822635 +0.17573303804474726952
-0.02425070817539204393 -0.08595781706792560151
-0.06351719406720929273 -0.10604808819337313563
+0.16548191235887238504 -0.24727782723505620233
+0.23957078353381600078 -0.05884603651357106502
-0.05438265745198284096 +0.20752877400695945997
+0.00544600804452327614 +0.12904329559132199368
+0.24200244895285161206 -0.08995660745628397681
+0.20487745541946089656 +0.11473491805035040958
+0.18926501822191160729 +0.01278708908136594324
+0.20558110176316729545 +0.18329082281435532531
-0.24487297049309503238 -0.06249312247614308147
+0.20869047296141496339 +0.20470630576625820085
+0.13077282852946980896 -0.07473370632603304475
+0.16214920257490417210 +0.03905687634844612344
-0.07076778471269534743 -0.06831316568913592402
+0.01352962410403091287 -0.15329779982687896656
-0.18478904494828135574 +0.11679520411470434293
+0.20985455565479038675 -0.18575124024813149948
+0.08176523635636712140 -0.14059059969765785869
-0.09548497389283944203 -0.10966237950540708157
-0.21987831131971591336 -0.01713580855962631988
-0.00761081210127612096 -0.21952876803019649721
+0.05258218661851077336 -0.14731548562361490573
-0.14579908564029886442 -0.24552931020729984457
-0.12369538668736168585 +0.17233993606611708316
+0.11540466659253229009 +0.03905113135471716124
-0.20324101649170750461 +0.16347156430067344424
+0.06515243528403413809 -0.20300529554817509093
+0.20988774608713189895 -0.21727767493628430406
+0.04411256937549462576 +0.23386371549932954972
-0.17423564214990949761 -0.23909224720009203402
-0.09120249210165920495 +0.07952566667290794644
+0.07377464874131700601 -0.21326091328298746319
-0.02148124917837529457 -0.22302977451561484257
+0.24541440500899264210 -0.06689797640265210399
+0.12029658985804786431 -0.18893780798491999207
+0.14635320744871449516 -0.19535891990023618314
-0.18455814481334159582 +0.18890867563199775780
+0.13318793219186964016 +0.11375166684304971465
+0.14286672414606804704 +0.04826116566875199299
+0.12799537417923123606 +0.07932165196523643935
+0.13201805889264850435 +0.03978338425660926658
-0.01484674231193350291 +0.17128772425553795422
+0.07227357394078953723 +0.05717928130363159056
+0.16563689623594957112 -0.19049433057515635648
-0.23653971540806767448 -0.11856083886999324584
-0.12489315947064155710 +0.12299655074424836743
-0.13425250578948810798 +0.00762302184649576997
+0.16134752455879181054 +0.10618567864680195090
-0.07856208722537527667 -0.08399688308448316487
+0.06151420221210984751 -0.24129675583403370487
-0.19486629164972918415 +0.01197343725975957840
-0.07719385744236856306 +0.14207143369651537013
-0.23109977392886166259 +0.04671035293642000763
-0.04879135424639946539 +0.05951806333930786952
-0.11280132065247999718 -0.12889806755330396326
-0.13182254009736443789 -0.03956723516524057738
-0.16353675225423103257 -0.06859628518356580829
-0.20016919980010311475 -0.08210771589369519896
-0.00076411150754635004 -0.20346434235199828411
-0.24199066478894815102 +0.23272089991809796761
-0.07281416089429115779 -0.06586561894730674771
-0.10332523600934095942 -0.21233952628598723456
-0.09822497633595911326 -0.00311661744972552279
+0.23875599497185229225 -0.01910342736941927910
-0.15296772884708026430 -0.08083125130870322250
+0.17855242510410124224 -0.07738317734139443793
-0.06909528125580566282 -0.20239886071362533926
-0.23301051952118218002 -0.01044845909935415706
-0.06958666472119345858 -0.18846462556225085372
-0.19143277776162098691 -0.21703275855142639683
+0.00162186578248835200 -0.12216626925667228853
+0.24054689694646391729 +0.05430138070596585154
-0.04276716568679211905 -0.20126652978821535367
+0.24331415157761898671 +0.04877063766973538383
+0.04062335742221023782 +0.22153601841415082596
-0.22664674280992586075 +0.11154597103538499425
+0.16325819891259624184 +0.09033496433530735503
-0.08865636445421137823 +0.16460744996671844431
-0.07688159903109520465 +0.00960145796420774911
+0.23559328607108087628 -0.20274931235050386302
-0.06345564432460015780 -0.16797587458120938342
-0.05877236096583815517 -0.15748052486194313859
+0.19667462585352352145 -0.07953783695612343108
+0.21724794070541902924 -0.03713010579370795705
-0.23242859176381736042 -0.13384453898289944140
-0.15885326373508179554 +0.06010139239533929256
-0.17593962311013844335 -0.14830131047034839087
+0.08124482505706126512 -0.06130157148620413166
+0.24115738594003965911 -0.00573836299325719557
-0.05452529268327044321 -0.03975974547937816128
+0.08508247410314839776 +0.05218269926362023581
+0.15025381996060738210 +0.00449566411067037208
-0.20169743561208858251 +0.05288097352244519600
+0.17062080026687348466 -0.09146937233125851385
+0.19332114617983703342 -0.19081519204813335300
-0.06324170346697099987 -0.17946816804265719458
-0.11767342913672157456 +0.01042637012197872304
-0.18260913858404453913 -0.14275116360101841595
+0.13133438667071123396 +0.19890434570392145908
+0.19409666635345595997 +0.22547055888964268044
+0.02027946878246522644 +0.02381455609278759766
+0.19101564049142427670 +0.13859119211961790086
+0.15767942539479740116 +0.14775797921776812061
+0.24759530858873513015 +0.02284774041017373358
+0.23217555259952432634 -0.08709887284414613573
+0.20809281715960636916 +0.03114294341508083708
-0.01165737642605807478 -0.01963514486011241900
+0.13149504326502292617 +0.11819319640095271584
+0.15760479055131310089 +0.13617728164660397594
-0.11235695341209755993 +0.10184992847453233633
-0.21393336298958826047 +0.04223101564404252439
+0.20755368779203636764 -0.21831713777298566992
+0.23381686092902131957 +0.24379419122157125477
-0.09360091836394507370 -0.16962024006609727200
+0.05639512729420120829 -0.12306872999417151071
-0.08655305332028551124 -0.22452974957621790741
-0.03468334300391784364 -0.06672599078986701793
-0.04689183277374731063 -0.24293594331568535427
-0.18551667964103224495 +0.23560277202489460224
-0.14418350511537758596 -0.21175010002274236021
-0.06624361513802751178 -0.19387893487329277420
+0.16055349193187512524 +0.00535809738318543394
-0.12139619240260479671 -0.10229728082362532504
-0.13672636386999131863 +0.14671214468468340986
+0.23867450500373987854 -0.16870856386424898377
+0.21710972020273477945 +0.10948982445674892983
-0.01860672880423547282 +0.12519268620643997370
+0.15180688073790327142 +0.04011429882136635650
+0.12482357120760873004 +0.24789207198440660340
-0.24038107931294405706 -0.13069890757180158136
+0.02141349893300786844 +0.17814769946269382039
-0.07273744558306460828 +0.08560493156491366662
+0.07394791826525226597 +0.04239577332104166318
+0.01932508719379566475 -0.23574836123810327670
-0.08180362944057667507 -0.20127565473911801508
+0.04506113559431279558 +0.20660030389350331204
+0.18727858798643709504 +0.13493996552686882140
-0.06054961860011709440 -0.11960758466462978467
+0.00730634970510074533 -0.23632323686155054521
+0.14187879370428435610 +0.17558083854851597172
-0.11189501945419744189 +0.07815668878470305447
+0.11512264337698585592 -0.16779362035695410960
+0.14490392995640444251 -0.07399948833643327228
+0.10725858207821081791 +0.16435419797967631972
+0.10333775943198636460 -0.08887405231991629684
+0.21012259488320822465 -0.02471537696028197617
+0.19382208052108196306 +0.10438040474986071127
-0.18022921375113321041 +0.23526609019462146888
+0.06900035475913407490 +0.13399791276606287660
+0.17829424439634311561 -0.18741042284039172161
-0.10247083937624390515 +0.01057058129082910636
+0.24453900063753281069 -0.08951598337107369296
-0.04556053181761565707 +0.19750494525326550699
-0.10121068017530343575 +0.00683495675333983810
-0.22259861594602031731 -0.16459868719326881115
+0.08722403601795863937 +0.09031178814747348182
+0.14854982280487372126 +0.02596175504011660751
-0.19630142090953278666 -0.14583254464961120656
+0.11861768492543517395 +0.15802958389681764917
-0.11322756936046551868 -0.22439257915167776236
-0.19355321748643711244 +0.13139626202964738155
+0.19243366649333781826 -0.02718790137270171714
+0.00771482279194291021 +0.00240175658824065552
-0.16442327315068955285 +0.08125903263645811725
+0.18110765471415002370 +0.13198664308857060989
-0.22388428096900508946 +0.19671721754943866101
-0.20383006893392502379 +0.14466835205447081680
-0.16441947773655107845 +0.03520266916818320935
-0.03687635279073597783 -0.18280323627126476849
+0.23290907663561927210 -0.12591507748533581346
+0.17190232237226882317 -0.02544547591523960151
-0.19838048610979841513 -0.07122997079524295838
-0.19965865070954263993 +0.09233238192967474500
+0.18566697871153375887 -0.21839631730567854451
-0.12330462211590487165 +0.09744192225243952787
+0.21630032347444044794 -0.24107893988147832687
-0.05593514348235517630 +0.23318934661420159804
+0.14127091801495544887 -0.15433660429362133781
+0.08092420590164006722 +0.21366324047717932810
-0.15200423256814482587 -0.20907363942848677940
+0.02879479128149176059 -0.04080367603384082997
-0.12904583580802941878 -0.24458472800995811891
+0.07411161621659478893 +0.07653673408147865231
-0.13661676637905667553 +0.06677054345610583530
