-0.15630894639194431450 +0.09510257991095610874
+0.10907060160281845107 +0.07414833133100129370
+0.18167429304622334518 +0.10910861226684509528
+0.16555998624748757830 -0.04199337806534508832
+0.15448061443850324981 +0.18418877833960722867
+0.08220993053002390027 -0.03975167209566016213
+0.13187753762926762713 -0.24788992803334225501
-0.19078697265143029771 +0.01904990749449608778
-0.08694706283570124983 -0.19412777492837901550
+0.11370856534521556203 -0.03897610322746186684
-0.23170407051386754382 +0.03069264411372485402
-0.06534465105609843505 -0.01107323104562840665
-0.04784986087983533753 +0.19567837491422945817
+0.03531006293250105177 +0.00311487267846116689
-0.16760098126726591383 -0.24667942118158231457
-0.21625241429760760914 +0.22339361905451793344
-0.07909433868760074038 +0.24172849150124586792
-0.14671013792988985003 +0.15880117971359736240
-0.03111005698176505518 +0.17518151509125456933
-0.24052938825843817039 -0.09150376836175128092
+0.17479674985843879353 -0.04624377466119988789
-0.07330618697557222951 -0.21088237877171089885
-0.16728142032436765785 -0.21357298820109349435
-0.05779776643166179007 -0.13424193408566220675
-0.19013657935162903145 -0.15724802627873224470
-0.07662014169499398175 +0.06766366498154097187
+0.04180451654001943185 +0.03715182296448638066
-0.21437947463567269546 -0.14430952192779350485
+0.16912013902407196930 -0.02707394716678157565
+0.08735992336156300775 +0.21441568096229485230
+0.13798931501888334061 -0.08876160238184188644
+0.15660668661313603689 -0.08469067004125996334
+0.12577308835478234750 -0.17929871917788609004
-0.09567333816973583316 +0.14438733678505771829
+0.15139458703760205749 -0.03429135309598979608
+0.04216507694832860587 -0.06857107763730296845
+0.15489608578897162694 -0.13165223224503663779
+0.10189913615818629866 -0.02832663815601899060
-0.00501029008607761783 -0.23915492293981399641
-0.15967806552991076208 -0.04401701206493280338
+0.24932414048048689992 +0.15504959433516157796
+0.04558731530660170561 +0.22169432358368273972
+0.04799960860405738661 -0.12057403412398964848
+0.08976910515587993578 -0.18205856690172023127
+0.09883406659843751996 +0.12995908037233822041
-0.10241077371346973823 -0.24077426138854773896
+0.20182125401754069660 -0.09285054348426352577
+0.22753835425302443296 -0.16929481230435122763
-0.15678630602684773265 -0.01189758917370192792
+0.17816641195600363412 +0.08016597772556605106
-0.06992624835018723672 +0.13337212927713504307
-0.03437122555874783103 +0.13270819921276116871
-0.04523454381281999392 -0.07585067951229140792
+0.14451556657894659708 +0.09921296088158892967
-0.12585153037630353312 -0.05126541224300956712
+0.12923421530222078957 -0.03617652858353193057
+0.11596035109437768940 -0.06333966260802520454
-0.06174453012584574241 +0.15334259944965095146
-0.01103083391235071264 -0.06638262413169337961
+0.04721891830457053407 +0.24471053898928130099
-0.16290004085986004023 +0.10613155908202059896
-0.03674128523489328391 -0.20607939584831563851
-0.06981460518471349630 +0.07475262056541936984
-0.12844817683390169494 +0.12193739795431296491
+0.19627427146589782048 +0.11276182204961782141
-0.17119600760039649368 +0.11195575883536024175
+0.05272117543100379722 -0.09550983405667962112
-0.04217884950153732992 +0.03829855511617413777
+0.04803439352225941095 -0.20923914361784634597
-0.16587796927141795766 +0.00343050226580859929
+0.21416275460702732802 -0.15413729925007058075
+0.17315494344781601210 +0.15942238026823624120
-0.10995011471864701846 -0.08841099871371416175
-0.07593348148610284953 +0.24596306165799503018
+0.24858666083316605100 +0.13420741945884956392
+0.00065662101702684827 +0.08557353628461783490
-0.11965140143903474357 +0.03612751238243760987
+0.14462983026790982022 -0.08198357506897485658
+0.15508505364072322497 +0.20959036878600845188
-0.22301765411886131929 -0.00055964421384163687
-0.10560271066807275231 -0.18578965069072683747
+0.18299674193894238661 +0.23392154941327775175
+0.00082146694025742040 -0.17489687500652245644
+0.13295121837964735123 +0.16596526389741750318
+0.08283951001898043343 -0.08966390397210222130
+0.01885219724073788905 +0.23693476054508738615
+0.08983616392730087163 +0.09742058159459571209
+0.21874768874212791037 -0.07060377571132470109
-0.17607342800566477825 -0.13131325637633128878
-0.10343870194217036351 +0.12819357157281735526
-0.20244029915585748380 -0.12568194584633662902
+0.08529573730256867492 -0.00209716086035310889
+0.02833171390015926105 +0.05733984919013923598
-0.19503216353302910147 +0.12412936639826260832
-0.01287564520217793218 +0.22263911725954638188
-0.19972974428180584328 +0.15610418750252202935
+0.03347177291915792718 -0.12592451754349909265
+0.19320334797101074154 -0.00720899250844148076
+0.09053815827588990173 -0.02849423632337433343
+0.03858684757755020955 -0.23152121627016869487
-0.11745621049112570100 +0.24146266538824295855
+0.00770908168461559296 +0.23033010265498787827
+0.21786166699546805070 -0.05604210274141341319
-0.07672156356639409092 -0.01284695200865504372
-0.07252957676323562586 -0.12239954066102820551
+0.11285376580273515090 -0.07690903448215552496
+0.19983309993320208520 -0.02987476156948903894
-0.14136108268420366496 +0.07466485542636797090
-0.10140284728265674952 +0.20207993581183142373
+0.07700611018785835649 -0.16178541587500594456
+0.10921193789981720190 -0.21554568458572054279
-0.13504205229410326528 -0.11142354670078447043
+0.00763988728657255534 +0.09575337715996667942
-0.15657760183782110097 +0.13156325348747605064
+0.05358149426020669681 -0.02858436928504881624
-0.22953592923218407718 +0.01525516623618577983
+0.12326778534643967333 +0.08345506090995452597
-0.20589848504597008105 +0.08080356274851530074
-0.14257960243520939603 +0.17738990067655607819
-0.08322730547378692778 -0.05112045823388888799
+0.07531456753547849381 -0.23733149094429645265
+0.09055166046209939257 -0.15569316608676281311
+0.02337386363195864680 -0.21982713101919321153
+0.01527180710239695038 +0.02207955105086123471
+0.11692985624441221137 -0.24117227106359984123
+0.23628433625110645266 +0.01414858301986143818
-0.17217603104033535333 +0.04527882126538795848
+0.10533919237165778604 -0.16453311316799373865
-0.15628536886322713650 +0.23516650528914634366
+0.21174629092429758659 +0.07684718759698039303
-0.13778609882560566291 -0.05211065298443012805
+0.19924030642303847127 -0.21985261869116989875
-0.23839508512862195300 -0.24916751337005549338
+0.23938209132679461044 -0.05797527822022996435
-0.03876480313417590695 -0.11801540176501174040
-0.18435618049761637316 +0.15496845031879286081
-0.24775517728590457089 -0.16945416738535146184
+0.22997494835293252891 +0.20283039551220721775
+0.17759442341982001334 +0.10237641001088926274
+0.16313681958939174610 +0.06216432376739233767
+0.22645603828666832635 +0.03377696395851792488
-0.03180805357552879409 +0.09850317381146111995
-0.09369936704001635697 -0.00776746457672694568
-0.03090149405430980822 +0.08004455670903831699
-0.10129145380462956094 -0.00460464691168804841
-0.09126321830006395297 -0.04018294929348925626
-0.24046989541195162854 +0.23293875208849090797
-0.22303153840331224611 -0.06233674411140005533
+0.19649452848242671132 -0.11202476958503193583
+0.14927275387201704993 +0.17906096231256246609
+0.02997650688626724014 +0.19926806914301825602
-0.05474834821206536750 +0.16514846373443642369
+0.07605581300101532660 +0.04524512755585807788
-0.00139994281699001855 +0.07934016580344149805
+0.00256314056041057059 +0.08499600678329888304
+0.19008351341661744449 -0.03745934769577569101
-0.04518341810923459656 -0.14360560407840228248
-0.05416806818431973980 +0.15462376848656783634
+0.08231155135388429356 -0.01274007860731413144
-0.11033767937421268268 +0.06806233663486954688
-0.02475677149152671896 +0.15990339951154708409
-0.15837720564494672804 +0.15017681229193818870
+0.09463377568823755359 +0.09693835921542770517
-0.08045803729378453450 +0.17479131343634879414
+0.01855036862427361655 -0.16669309869425003034
-0.20999041916540994723 +0.09485424733967828814
-0.20794621689437781109 +0.03868066253706187174
+0.03387597125527064268 +0.12149346457736676097
-0.01663496447912105047 -0.21406926342065685231
-0.08987717448684195976 -0.22395425498886112337
+0.20488687808395233958 -0.19898849610450597414
-0.22505648341244077759 -0.18867333884739934113
-0.00234066492998952214 +0.13760726729036987237
-0.22370756800762736649 +0.08496900224862996565
-0.17927549984288843055 -0.03401422967885131543
+0.10049929597671075632 +0.04589137306620633128
+0.16889353836192605440 -0.00833350346727457225
+0.14915249815312414672 -0.01555172518557534911
+0.14698753417612547834 -0.13465176084282248770
-0.21758760188965170501 +0.09838519150437669003
-0.02900294153614302317 +0.10411796924765981398
-0.01215799296114489225 -0.15116310025044621401
-0.24455792785341312623 +0.24822695327290761336
-0.16387781973854842477 +0.12520735252473241816
+0.03030815006075110452 -0.06160355042304593853
+0.17261474129691350976 -0.15009161609922822000
+0.13366723688670495429 -0.12829930812251622019
-0.07474323285857686905 +0.24128968133524458795
+0.05901498112399361506 -0.11652707580150567512
+0.22169020117423432481 +0.07395758179195999205
+0.03023681542968248426 +0.08451309755768149357
-0.07519638151988800034 -0.08649984769158564069
+0.23267319703392458363 -0.12219028519819041811
+0.02078378076723491619 +0.24444239636506953639
+0.12582891763110637395 +0.17816416666583528849
-0.17490984730365338740 +0.12273931620732592140
-0.11743309765312581749 +0.22246805083748760756
-0.05448577769209522748 +0.09599517916257788164
+0.15077732708364011138 -0.17723461657104522260
-0.03769688141585603169 -0.21318714650900932872
+0.17066202986445500045 +0.13299658027319249953
-0.11427525628696610926 +0.07597984289916681622
-0.24920807523982452247 +0.14559311201293567706
+0.15739738206483200322 +0.01883700218952638616
-0.18476544002305894665 -0.12842189119229741046
-0.18838790894821294541 -0.16830153504970951639
-0.19279579666836321739 +0.23686985471106403178
-0.10454526746072839716 -0.24403414693519487333
-0.18932957030355507255 -0.10423057589867512629
+0.22976538199154411535 +0.16806084044733660132
+0.23032857644145360299 -0.06685239007093696229
+0.20819932683416253472 -0.15551010490856781443
-0.00351291863640329494 +0.20914285717284630817
-0.10722685723405822600 -0.16118908631723993796
+0.20037708693104183677 -0.07673888817911678206
-0.06161615260332259369 +0.15577473772125438600
+0.17263662938060470031 +0.12343308751162579417
+0.01819816377886435133 +0.07446657682758900387
+0.01621289826915367493 +0.00011415738877307291
-0.20774837033885668047 +0.13893959606546685270
+0.13644360998321364287 -0.07484496017969266557
-0.13945078055562931674 -0.17770119665710665258
-0.19164076139622326922 -0.00276303693299934094
-0.09151871645085130069 -0.18565929816098664107
+0.16332710206137973641 -0.08321164255983748426
+0.16543862660989228086 -0.22758050449440042629
+0.07845676686640212782 -0.16564352183334712931
-0.13529218615753207944 -0.19876715364473107606
-0.19649240799310158101 -0.24376602839156552571
-0.19027320305689082724 +0.16747250409434877305
-0.18926643949345856033 +0.11508308309025788718
-0.21395191390175238855 -0.09310521896271217734
-0.08356554947941668976 +0.09443781657415006858
+0.17684772921806596324 -0.16965085462716539277
-0.03862660022597358411 -0.04785034344790611849
+0.22540649422320885309 +0.21280719771463774137
+0.22692077806152655128 +0.10446014528898861506
-0.20555068961548189632 +0.01301489633294056203
-0.08608655253930902473 -0.21284137551266679722
-0.20693617415900805723 +0.13513264498990801288
-0.04560992993128581974 +0.19521854776027713907
-0.21188889986324449533 -0.03326372788272219383
-0.02107921137946106027 +0.20541335268342780784
-0.10600906505068841135 +0.05199743777252430199
-0.03472983326145984151 -0.08353733808283037021
-0.11723426739436471067 -0.14169018548960793380
-0.12515976137462758722 -0.21983633770326188595
+0.00748116830222689266 -0.21053289379154482841
+0.22237762020671214547 +0.09775875288137281238
+0.15892334587361145459 -0.16112212388546875985
-0.23834155581623250875 +0.00204236006240687828
-0.24654424122178447698 +0.05629854048055910054
+0.17396058953113924250 +0.13749677222696443657
+0.00500045016359385031 +0.18502019861524093836
-0.12238955594048239739 +0.20484234769338965920
-0.10794447356523989567 -0.03077459945206423297
-0.10477134722973591163 +0.03597117372439934124
+0.15561554097540802877 +0.12261006317771855345
-0.14065421826696811181 +0.18405610338532496506
-0.00984043953874924604 -0.01463478306355769920
-0.12069422573632226925 +0.18697118407323809475
+0.04151715395559352206 -0.06474800911024969352
+0.02038267029512835782 -0.02867891164085767386
+0.05427927052493353166 -0.22113544146549940494
-0.03745318905244887642 -0.16802356935451862041
-0.23016487073649721795 +0.15419380299259016764
+0.00648388087912632471 -0.21328556572555090742
-0.07965864611291917363 +0.13856918850681948507
-0.11965858840575416266 -0.11747233786268312938
-0.14122640744502956700 +0.16529398262552674748
+0.23973163010596942879 -0.20626650989978589923
-0.02122881340332510858 -0.14814906696813179288
+0.02796420937839633192 -0.00179933753447941713
+0.20913720889708892203 -0.12289918041442970953
-0.09615508392184596298 -0.03708626777199031110
+0.24886417284957501606 +0.09218372554873588420
+0.19860330605220322120 +0.09077396688549832504
-0.13361481474865682939 -0.16416656149923908314
+0.21011222272790236465 +0.23693325344447530023
-0.02446850933072602929 -0.14022766324089303014
-0.16206851884688350252 +0.14827774744301092102
-0.13361067677217947081 -0.01929658338335282775
+0.12678682516476647013 +0.14120509758809879353
-0.09200630911726037642 -0.00389527744279111188
+0.21349508137714928724 +0.11989012875073318254
+0.00083007578591498543 -0.13590922791916348888
-0.13531013407056363684 -0.20545839848399838345
-0.05544284343787209135 -0.02005339215618051618
+0.09633856456727846185 -0.08736632526854176684
-0.17632447933921435723 -0.20418523588044068529
-0.11467708749947957969 +0.21477868970852548314
-0.10896812570040947943 -0.05057926741173390806
-0.11213709488762152455 -0.03861570480223658342
-0.13731604915940442968 +0.06150457364237493785
-0.04968931827085060204 +0.05459992586025702588
+0.17400896369336199543 -0.23963267992020259589
+0.05142589163239386085 -0.16610337356330862058
-0.06633216648971701490 -0.13660464082805040542
-0.11652766664067648605 +0.13851208832629718914
+0.24304102759767515218 -0.09907468530376295490
-0.23874127495401670229 +0.14734836489234276469
-0.04083981992495533397 -0.05603733951385453382
+0.16632223418696795436 +0.08490233597740204363
-0.14536039742532991248 +0.11531517111979366907
+0.23131132071115129145 -0.01791850229373709302
-0.12551162188773756778 -0.07468041502086697481
-0.07728405161236995280 -0.24296982396712540897
-0.17132775516511183911 +0.02094447258759074559
+0.08561451657880303490 -0.06365859382231209285
-0.01639822339402924323 -0.03336877080568373399
+0.22296754384179579001 +0.17816562161058935310
-0.22715234712137083450 +0.23737654362842430800
-0.09099424604013822693 -0.04394806273764861881
+0.00323908043013870772 +0.13717740228081032328
+0.21392149722774644882 -0.08959362469470821821
+0.23879205338760939314 -0.23263064804525362961
-0.10087042417912878145 +0.07647433300356137886
+0.08873110842946252408 +0.00498995380047123627
-0.24658260372956342099 -0.01174298302162124497
-0.19810588508937504448 -0.21579832818122418603
-0.13102933576248448899 +0.02321657484470190935
+0.09970384011833977045 -0.03052617925769651741
+0.19070741979234989705 +0.20353762643535405763
-0.13042173657173117274 +0.07512885310096850677
+0.21952186738243345543 +0.18896847628443225187
-0.15018249664221372530 -0.16344248344294709518
-0.24562018576935523706 +0.22525557444420513109
-0.02549795946464195051 -0.11445999226557312944
-0.05563872950878417933 -0.15689750763521820298
+0.02943704377393768779 +0.10621668848363907678
-0.15944232811509084780 +0.11310047757723340478
+0.24380990435696653362 -0.24287870011752227262
-0.14048245610365356351 -0.17513376077342868165
-0.22525194767541362184 -0.23407918944200317712
+0.04963527337879364287 -0.02276589435661857674
+0.24105177867179672369 -0.23502838349314059130
-0.21874826793817880866 +0.17042982943670986762
+0.07671615263873643453 +0.23990514135081908442
+0.20638543680070325914 -0.14815891010608189804
+0.18646851325537866506 +0.03771177046427187651
-0.21758098731798081182 -0.01960469519478624800
+0.04677524473891908618 +0.03514684753486546631
-0.08910022529812555714 +0.07901922453358084519
-0.02301630886661476527 +0.21721986022556999396
+0.11221212613054948326 -0.15606319831246051599
+0.18500659053593382364 +0.13677540763093587461
+0.06897784070676749035 -0.21467713947181049639
+0.23769966265347441947 +0.13574066242423876716
-0.14953929674297250507 +0.23946977149450754396
-0.02445447889136753705 +0.01176136653487180883
+0.12315431944259647157 +0.08735226068003515421
-0.23229209883145957027 -0.08480181069536457672
-0.21326405473128440260 -0.01717309010477602316
-0.08599825099979646614 -0.02322733821180822389
-0.08949319306057518242 +0.14337822163630059569
-0.15506978538615778795 +0.21669181594008518621
-0.00252180059677192814 +0.08874921120676659836
-0.07598890751190862103 +0.02257521111111415735
-0.01319760967990268874 +0.22078768126398962135
-0.15316162240505787340 -0.14139365606460468916
-0.01265461065223555392 +0.22221564227773721312
+0.16569039131550289401 -0.00629934293122780264
-0.16959900696047297552 +0.14731338573725749619
+0.02212659433243457929 -0.19686658244341298518
+0.14558832841057817165 -0.02388679381823000103
-0.01643012010796951472 +0.18099348549309046685
+0.23973376137972907118 -0.16159308087925100539
-0.01800331231113549979 -0.21620651177555877398
+0.18064748866228852453 +0.17205341459795103765
+0.13372219975158261551 -0.17143429102368390460
+0.14003291612033552660 -0.19787146472627897831
+0.16574087144619331635 -0.15180373821889486807
+0.18127906809077287686 -0.19475939255311841558
-0.17181823355056857761 +0.13590799193078839657
-0.13400452141361302028 +0.00585841083945493057
-0.06001976247508600260 +0.02221703928989648968
-0.14856820051473534905 -0.19673389599705098929
+0.18410339158439359419 +0.14417732186316933873
+0.11254712685211193390 +0.16814963404972788075
+0.07945342838878027836 -0.06624212768613191304
+0.01604984055302138835 -0.01401167534598934949
+0.16151915270775629718 +0.24436132797750814705
-0.15146617501895143221 -0.01277823475521117080
+0.06040807133030184906 -0.19143482632405778299
-0.00018349188397720484 -0.02998645435833546813
-0.01943027788873141759 +0.16330991184921783699
+0.15605378839682093606 -0.15768720054086210469
+0.14421617927866048348 +0.23281797578299168183
-0.13321501431266702387 -0.02729565254943350228
+0.16362660070823170644 +0.12180132236732466033
+0.19087847843267807812 +0.19916137848405124355
+0.07981612939956461705 -0.10395379106189100993
-0.17940768052080457995 -0.11497740277718432322
-0.05507246590065761893 +0.24640209240881894015
-0.05613330159486451532 -0.12064181278156171917
-0.24082245091734849618 +0.04595107716733598524
-0.20224624278893132967 -0.04398669588698583821
+0.17391522191562996946 -0.12016467573199979268
+0.24429358106961923669 -0.00820242434564089073
-0.02234766024474910129 +0.16959083475045161338
-0.10209521183456166105 -0.03173536662847159517
+0.13316919299531143617 -0.07045301040898516165
-0.19252680993474008408 -0.11126975596795751766
-0.08021385427470295593 -0.04844771091113864170
-0.10956645196718750590 +0.04283296168226630174
+0.01412693199968906299 +0.06420961324311880158
+0.16299703727869901959 -0.03555155570513457430
-0.13245134497468069590 -0.16791970986427467993
-0.05067920293251404473 -0.12206188408551066349
+0.15671005350070116302 +0.04690537146278589420
+0.20981104728457622421 -0.03950242873596876425
+0.11303934526350339906 +0.00515573517655543156
-0.14214306567602563725 +0.03539367920779362686
-0.06336495488227883444 -0.21094849031394646843
+0.10451791970767232431 -0.01713767646222086327
-0.13819846144354602790 -0.04416976736973660111
-0.21032346745286678580 +0.21093726376941551726
+0.04380720422764827759 +0.12927690219010667949
+0.17108118166493013756 +0.18511380138870819900
-0.06332032429018669140 +0.20256509914259795968
+0.18661802076697409092 +0.04870567052685703668
-0.04627431295709366621 +0.01733713083693838586
+0.13768397492109191171 -0.10027340314068855509
-0.13005589257657051983 -0.12787763773952653956
+0.07367193792447956913 +0.16102383111515627956
-0.20541067026592635392 +0.08683672031324651819
+0.06658720918406668687 -0.19345312598587566244
+0.16666961819174375137 -0.04287424490785968212
+0.11261221102039153941 +0.11315783956044517256
-0.03540893985429227619 -0.21792278524120628491
+0.01479998069917470849 +0.11599843562500627980
+0.09060854625573261378 -0.10432853853727291904
-0.01254749665357934862 -0.24345884483355506589
-0.10804277433637210493 -0.05880931074180145712
+0.16125550967751672848 -0.20669349311874596342
+0.17490972922827896507 -0.12218818198786013385
-0.08339424200384476515 +0.16708937657507993979
+0.16443172875845024627 +0.22010538599807460969
+0.01898110752969872639 +0.22091679456039287066
-0.19851118995731908967 +0.23380038438690253777
-0.16396655489112632598 -0.20222797433775652198
-0.01452672175531399823 +0.00805593970075907384
-0.00449638247551387149 -0.21200096589161276928
+0.21432977596796887187 +0.13408127373222744616
-0.08386537881002509298 -0.15931420038897542435
+0.22265273402547058890 +0.08852017670492484669
-0.08208150866287000635 +0.01608214239878758001
-0.09691585735699137505 +0.05528003179613155682
+0.06929926637296607295 -0.01821540801219762029
+0.16246603791943020623 -0.02068740985403444421
-0.15719299667621644545 -0.02379928243438378388
-0.18861821237794573758 -0.18631472446593788650
-0.07033272981971439020 -0.02953930472953514297
+0.12343345058421179017 +0.14946688585549100514
-0.23588939234584560545 -0.18706053929687332937
-0.10276700725115411883 -0.19795193743931577268
-0.12312229551991865639 -0.13296386838183743562
-0.07770704620829876896 +0.01880470358511726614
+0.08488579233593379625 +0.16933442399247028431
+0.04241460342934028072 +0.02118869679976775888
+0.14510460926767582146 +0.01704403668326348598
-0.07713400281759907884 -0.12854075317498586672
+0.17498943213881101855 +0.09037485604477801804
+0.24788527136602422907 -0.21972307906349614059
-0.08654779508882687322 -0.21655395210328987066
-0.12680748361635790777 -0.13312534756041893846
-0.00815465416306498936 -0.21823583969523485671
-0.20899016493098804270 -0.08795332653218129737
-0.15099904286445858803 +0.07776751193545400342
+0.22645983437796096682 -0.12553291962564594453
+0.22497195632076705252 -0.00210657787057527690
-0.10235139396022352454 -0.09788210748247405668
-0.10386786081365073642 +0.10885903416711240066
-0.11670520527825017920 -0.14957493173106295448
-0.12448776931314509131 +0.09407069563808845292
-0.22902491691954740549 -0.13160732567282196204
-0.07355047998381913921 +0.12027595022443648975
-0.23125846576794500953 +0.13735008114305563565
-0.15624889923109608336 -0.14329500450744259155
+0.18550622169802671868 +0.02831004361564515293
-0.04862947649106891257 +0.10400570547164483814
-0.16004667350286222449 -0.19791015687711016602
-0.02293335496577353361 -0.11292520848661552479
+0.23752058895409677852 +0.19441377559344957815
-0.07630782044577477663 +0.14257119727339145898
+0.24909664930697750229 +0.07727716740030060594
+0.20383474746780266829 -0.00800667215363448648
-0.19417619004848840625 +0.09603642276398183242
-0.05495622244240333520 -0.19887701570887661440
-0.22047415440098683259 -0.07128453659668881892
+0.01802319269936114576 -0.18513118375739434640
-0.11888439419110286011 -0.02240334061184917624
-0.14817481394837056508 -0.06512895784368349927
+0.05001763651026763791 -0.18150884091561808598
+0.01873532197406679867 +0.20741355444447368006
-0.23106658780296807087 +0.07794987498249072999
+0.14598846818017291449 -0.21711296610228802972
+0.09765523896717359653 -0.13511459342125281546
-0.23292523689798211306 -0.24849083894170381770
+0.19230517296247673364 -0.17391477067066607454
-0.07372423151247864404 -0.10535326011436629834
+0.13089033007432865352 -0.09096568939447186031
+0.15142285651045095385 +0.05255245304956263075
+0.01991997967059788710 -0.14986313513420868038
-0.15303058267700292427 -0.04367883253749832440
+0.05674123612404347039 -0.17651885568544822824
-0.14530665633608635945 -0.14362331660885474527
-0.08608346614749851078 -0.11919206890433464707
+0.14829694615176797212 -0.22382205291071854969
+0.01531143157550496348 +0.11927028050879084908
-0.11702527201414691937 -0.17074147072141759862
-0.09589572863674272751 +0.13006946513818845590
-0.16105385696383517358 +0.13341360804387647487
-0.12343353263593093150 +0.23277681730467303378
+0.03402264228602730478 -0.02891323352282310077
-0.15883821847473889033 +0.14207619616578959221
-0.15638702157080475175 -0.19089518755721768262
+0.13121144366399351000 -0.22512696465447046279
+0.16792832584611949720 +0.19540180734231565873
-0.09619023770968271325 +0.11914986484698514291
+0.05290082586935912490 -0.22234637195795059483
+0.16482341025323699046 +0.02265592881477707099
-0.05623766031055216219 -0.17678994153189520055
-0.12808027446600828148 -0.09159305827896019325
-0.19981177292737462015 -0.24207634975708092195
-0.04376859777436487020 -0.02870416844241097110
+0.22009522919293006415 +0.13960704570683440950
-0.13312860084450339748 +0.21094118978913739548
-0.13433558076782459167 +0.07936299195185825273
+0.07132905214656320991 +0.02560395548139593469
-0.22866242045767842805 -0.13938980753225582720
+0.22100443153088772386 -0.11878757684369989356
-0.06626992055462643805 +0.21049988124140989187
-0.19488497301482943236 -0.13533344874268715685
-0.19619262128976383552 -0.11838183338997554372
-0.07923125468547304040 +0.15024424205573511104
-0.05180051941746749433 +0.10046398307758830359
+0.22211106454016599221 +0.08446879215646851957
+0.19776249469170265050 +0.11934732309237944259
-0.14816446290240364858 -0.18006569085830764765
-0.16168169952354494168 -0.07674172390030026270
-0.24120740711026816827 +0.21874503862900745998
+0.09080656766508499178 -0.05000876725225750219
-0.24473922256308333623 +0.06676715107872299715
+0.12240435344117572836 -0.08368169635833211384
+0.02835183753027836762 -0.22922746329845217206
+0.04246031381397186166 -0.10857255094056766920
-0.02215239443033262257 +0.24555168189283360647
-0.05673814433953411340 -0.00628900416646183125
-0.01263770088624777133 -0.05751601162681097001
+0.12740921774833502411 +0.08320484752745649359
-0.11043765772915120627 -0.05065041355228416808
+0.15230359350164723864 +0.21099080598798908293
+0.15749113862069391567 -0.02048005992352458504
-0.04127454142806169513 -0.07859106265878551545
+0.09679653355362760614 -0.24689699184334301663
+0.23682480667347660663 +0.11798435684125641032
+0.07485732550106899419 +0.05323392496501461180
+0.20778914908151902008 -0.24057892509043321549
-0.11388879343239960429 -0.23701291725949624745
-0.13576383603613323414 -0.14098686105157920423
+0.17803798832104805738 -0.23496803172347885402
-0.19170938314841523553 -0.00199570046038904936
+0.16096098650358448001 +0.18048255186953715556
-0.12681613850473560934 +0.12118967666823377005
+0.21980578138622819395 -0.11186190158818654083
-0.09017145464317433134 +0.16278338940774639276
-0.09779031983935626560 -0.00243526977227376262
+0.21518515488267109248 +0.21617332191929045093
-0.00114192330032703016 -0.10980074821561169873
-0.15150765929067921967 +0.02295324614300381372
-0.01900220921506062810 -0.20522825043987769078
+0.16789453826083011734 +0.06632106291393613517
-0.18454665092832833739 +0.22817165543488188151
+0.02549713835952854835 +0.04851500519786411392
+0.14059127480421862444 +0.14248111711526240120
+0.18870209731783277318 +0.04931923394228182600
+0.06157436359194212727 -0.08647905040614323191
+0.04209641795760860061 -0.24313822766403186959
-0.21592095005331551905 -0.11665170536600472095
-0.18614583647620708273 -0.21443182599167359692
+0.00190564887665811700 +0.04794047143544555301
+0.20399895084426283853 +0.24791082773029532449
-0.10599909382050998197 -0.07132034198674991332
+0.19683840627439280757 +0.10671455706332744207
+0.10245128916903634142 +0.13432876576804320123
-0.17222341377995897815 +0.14192104725298521073
-0.15654742671002047638 +0.02180622818551380959
+0.20255131273505150302 +0.21616075185743033327
-0.02186424703788825141 +0.01217809720425899744
-0.13059486060015929043 -0.17134600906021801858
-0.09609909909045699639 -0.11306949466859733677
-0.13085031488698994906 +0.16247622923744603485
+0.02597430972123726534 +0.04964017836771406067
+0.17231145307169920544 -0.18147434689952984810
-0.20483278398040782875 +0.14207069865436489087
+0.13942715289129642420 -0.08497447566283683473
+0.23150124844187913720 -0.10929843072589828790
+0.16226103934575525356 +0.09697880987011953113
+0.17754239760137191517 -0.03900612622049598466
-0.24725632663115659771 +0.17351111440725019985
+0.20556808703899093205 -0.16935623953081824222
-0.02253961822683864247 -0.18111479872858826656
+0.22237179025482206596 +0.24274903144606335692
+0.15327320569718910770 +0.17729188778942867044
+0.14954240273510177595 +0.16361728955629267768
-0.05031058848045705245 +0.14008970849522289770
-0.14790649247667253530 -0.19513528733639706747
-0.05791939660647793531 -0.09688267705124425921
+0.15388805590269610812 -0.21979213441144107577
-0.00581517567048062123 +0.19431249509463760505
+0.08054888900553447417 -0.09880656830884121389
-0.19520505272759597348 +0.13974292491707723807
-0.06765150708357320353 +0.09365859896442296773
-0.20468759693124383148 +0.02175718917663693741
+0.07913867104056115931 +0.12386133903236706821
+0.08351134205894350515 -0.09988331784591003570
-0.21355169253375089200 -0.21209668496170464014
+0.23357475974421887388 -0.08716111836666262658
-0.09274139767327405082 -0.14139836742165068362
-0.00717640025958649064 -0.17510091317583575954
-0.20709288709375700543 -0.12211694742713602446
-0.05724542838933216471 +0.03686805916451924015
+0.04265236384659826241 -0.05479763913627694327
+0.08955326312474393147 -0.05247552462795329609
-0.07617193106053182783 -0.03744940202974722521
+0.19222040981296056872 -0.24093016138708889251
+0.08733583161632968439 +0.06485470763248962767
-0.13098767961611251787 -0.11098898464452888746
-0.20566756981877615251 -0.21064528561108064597
+0.15199700733146914722 +0.12314260987705782924
-0.04330433966656205280 -0.20145216391104092679
+0.13944623217738189025 +0.11743232670108094684
+0.17316295546051990728 +0.03970067257449910736
-0.20387810525348160073 +0.11318511650001777946
-0.18241969414207365174 +0.02963699655440132918
-0.08478752192375260677 -0.01841661587743009809
+0.16463149786521541484 -0.20116981981095855003
-0.12256328951661626947 +0.02565336028481463027
+0.01139726845015209822 -0.03818310507101535523
+0.08956012886770065018 -0.11531256120535859910
+0.04391117242029513035 -0.14924507112518919927
-0.12729189929557160887 +0.10888052987804131000
-0.05137383656723848446 -0.02156734053983622168
-0.00199971570139823029 +0.14552006188963767519
-0.17147813636526187953 -0.15387407145775444661
+0.09614465700450974817 +0.13730197273639993538
-0.19921486118867443027 -0.20243572894290479125
+0.09584670483780327599 +0.22665091589320629506
-0.09983138545840336553 +0.15384239681938038924
-0.00413597483105765384 -0.15948791288840141744
+0.09354884583808115162 +0.10848348636925780886
-0.10548481104096990579 -0.21045653419862420108
-0.24906235817948574329 -0.10822261967736657162
+0.02933333886758276998 -0.02693577235867450348
+0.04515674977204525709 -0.13187146056273418848
-0.12940122375458773529 +0.16528765573503184649
-0.04188648007546702523 +0.04778815641642786272
-0.03796819327565598146 -0.04033482236956331679
+0.15627545871228731844 -0.03398322397777031600
+0.14199782930453075380 -0.09067956820440453702
-0.17353482520769736297 -0.08973093814261073886
+0.14157440277482991053 +0.24160835774658967479
+0.18538448604646473594 +0.04323633489365658056
-0.05577615300642013718 +0.05800683599034295312
+0.18952128753320929277 +0.14095373572357894343
+0.02247257463565399682 -0.15274339354203381180
-0.08173466458667782986 -0.20891283133779875447
-0.07986637995197598539 -0.13206007156525834123
-0.02109042106556990870 -0.09486786312149020350
-0.23911186866080624824 -0.01913084059330671938
-0.08596513418863765965 -0.15030709625644617100
-0.09657052589059283987 -0.08356386989078107286
-0.01167026445128005463 +0.24673950487777879248
+0.00129524705554950881 +0.00942780184652619591
+0.21043888411300498698 +0.23625951644713516497
-0.04617715208643269342 +0.24760272118153731080
-0.00280040509243045799 -0.16293180124941830655
+0.00849689490230992606 +0.02750731580988785563
+0.01980152785352051747 +0.19685170796424100725
+0.19066021281249545538 -0.11673408169215970798
-0.01870670718663836052 +0.23544608107798709051
-0.03287269487071958762 +0.13043074852777530870
+0.09476252878668267599 +0.15271125099386084756
+0.07077205605911507380 -0.18173197354761583266
+0.03711087862497286505 +0.07671094335803840814
+0.17839316430788831891 +0.24154738825030919180
+0.21981736089894249320 -0.17078023618833737540
+0.00492388486085909571 -0.17224341156569611400
-0.17576771217690162485 +0.17683254300256240343
-0.13048461108773162787 +0.13515952854816948303
-0.12618303758910121015 +0.00365144130382782928
+0.10078208997781246126 +0.12276068129814970975
-0.23156854478611271775 +0.15339027051475145891
-0.06440874796727830143 +0.03054088970715757023
+0.07469226143981017030 -0.03732769115995410170
-0.04385249332571850012 +0.02814219847419308085
-0.21247245569541650667 -0.18771320111088191096
+0.03741787488306613785 -0.05385811650007216178
-0.02024557173101315666 +0.08350436595324622902
+0.02491114045590081538 +0.04872221109832730601
-0.15849383310498416089 -0.10002185243581612761
-0.01201156221946497737 +0.08019557568183932617
+0.00865273975170816056 +0.21970605570112283766
-0.09292360805041022243 +0.18089497960248374087
-0.15653733640061806565 -0.03508827800297420474
-0.21602800071196515130 +0.15923611553412875264
-0.15727066132589284653 -0.08786784059658636625
+0.17848780632462662998 +0.04426279789768122752
-0.17853325767437633331 +0.20435976993790527789
-0.21836410984414356129 +0.03691877124435688495
+0.22978138635438943860 +0.00990614960529140332
+0.15579300500995552081 -0.08960481694668170904
+0.20026511054758022734 -0.02975142235016725589
+0.07385429869362652999 +0.18223487352045630860
-0.07249226187308333014 -0.04436887668923478190
-0.24846101771190032270 +0.14300543225164802363
-0.09285936345677281434 +0.18359138662093432703
+0.21850393180732829990 -0.05540858857261760084
+0.20744564395605230578 +0.01869728113946833581
+0.16986540276370110103 +0.11416767032242336466
+0.15937768789691597604 +0.13595803489395419383
+0.01971213910979241479 +0.24044889672357794286
-0.12526112566916702828 +0.15826506194040085296
+0.18590980181890026657 -0.07467301036967177730
-0.15384540276361680089 -0.21200730062501782491
+0.03334716267348225571 +0.23077477169536481094
-0.16596950131299098574 -0.15022965837367840969
-0.17929193222026790222 -0.06591890789816445828
-0.14251514306016171973 -0.11399254087758653453
-0.09859867365929436689 -0.07912655004719787444
+0.04031131608691218560 -0.04447420883252062307
-0.00129996785135300108 -0.07379282822046850931
+0.24892818278523115572 -0.13302803374455407504
+0.14897932892011883643 -0.16427955709753055968
-0.23887523551996303617 +0.21581417548474862711
+0.22569827014988175229 +0.21984598228022794730
+0.21565352069856974504 +0.06925931693179809834
-0.08211513040809503838 +0.03698760072724049941
-0.17769842577028771569 +0.09704691821618033343
-0.19876401176320329656 -0.08279662971537182781
-0.22918207294046677447 -0.09167373589548005741
-0.08186079715306454618 -0.20899264643126130858
+0.00494086487261097274 -0.06581504071841792758
+0.04388837680719509526 +0.05032855785536188842
+0.20043430781903104343 +0.02757685831658013287
-0.20714123339412082725 -0.03854664706672045194
-0.20704353172499478930 -0.12758758807813752600
-0.10971762822991748543 +0.14177160583157910612
+0.04472354154457419684 +0.11941980765418197530
+0.14373498748043361806 -0.11005098093137122284
+0.11574339624047891295 +0.16446929810138671835
-0.05057343975630312904 -0.07727421226679320743
-0.09990523572276654996 -0.05803294302982070496
+0.19575362351263048133 -0.07170649512218513211
+0.15649972910627152345 +0.11988655441220591458
+0.07268627431013419127 -0.10612245303502892968
-0.14612523281921874219 -0.08187486331013138496
+0.13494279420259858160 +0.00566203913279528237
+0.23620737752976078694 +0.23846975749456622573
-0.02028391737739149159 +0.01834824983050625802
-0.17132337405221187421 +0.18117256769259926230
+0.18522352194363772560 -0.05421680524763544673
+0.10916613538096925362 +0.23112929000831683446
-0.20076742910196698766 -0.05796228316228907440
+0.08007252361692496212 +0.01818212957593967616
+0.06606371511487968418 +0.17830956184028889933
+0.10674324231873932867 -0.11574276554765466907
-0.11718156531558432398 -0.04394201854185281197
-0.23365125323414975833 -0.00510851280561119836
-0.03650750191493085106 +0.05985095618005714657
+0.04040496846898689043 -0.18209207016434153514
+0.12207537488141734228 +0.23686123124743452273
+0.04340562015866378243 -0.19686585551186508436
-0.00045613459201165885 -0.19608026772586906183
-0.07178270539732012345 +0.17029047956400139574
-0.18696473020847437230 +0.07095709832227925506
-0.22947813665861704902 +0.17830026497298839816
-0.18752424461328881522 -0.19539119882694705455
+0.06848726030247542784 -0.20790598398982318429
+0.18436987244444213996 -0.06717022317924203900
-0.21460609613364323156 +0.24934233129375510396
-0.00026880450045696502 -0.22877210426897232054
-0.23025900803873072809 +0.19595391331459371953
+0.11584811467286842968 -0.03829632513983072251
-0.15728310878936235806 -0.15618366428297797421
-0.15764417120157514507 +0.22836915954940095741
-0.20096023099777010623 -0.05757318979329634212
-0.22431241895390130470 +0.20476224742654119959
-0.15298218802635277225 +0.11220648662293192244
-0.22179138364597716926 +0.02439241614391857160
-0.03265336999444062860 -0.00357926038623596066
+0.03175967418769115591 -0.16625669175323609661
-0.14760044086576018518 -0.19714447658637679339
+0.12453519401168905434 +0.17237218866789427718
-0.04225530637526908606 -0.21026655119863096877
-0.24830400316021561391 +0.11746306372386922101
+0.17057210148522189419 -0.15130598933329358902
-0.18485536003605906874 -0.17022293621823897380
+0.17757630002843904915 +0.20986918510706353835
+0.14445879529811889164 +0.21404083400803136650
+0.12593150951836651341 -0.20081037067533785700
+0.09806661332888944038 -0.18345253389971927227
-0.17939755346090291432 -0.08880952424173116366
-0.01918969211978877043 +0.02897142476073527595
+0.11097275420859942230 -0.22531876594898025967
-0.18447637579865489021 -0.22952677678940480721
-0.08619446084062765134 -0.24426301160042740435
-0.03898166217363513431 +0.20522660932859421168
+0.19262775101706186565 -0.14175449992125505050
-0.04797606222581923818 -0.04982004852378246751
+0.13700304935681201224 -0.10626155418120497576
+0.09572945508953611959 -0.05284903950143293727
+0.24589111692526044450 -0.03987830089541444245
-0.11317282488822416608 +0.14244422361569963886
+0.12774263044538242129 -0.14633635442769876711
-0.22536287597025955742 -0.24792693878485067005
-0.04561801355364214494 -0.05887208597739579385
-0.12348871358778401586 +0.12526179253798364055
-0.11597376669104314528 +0.20143589693381314110
-0.22753927716150607052 -0.08630886825102296322
-0.08291696161935724341 -0.03720522058647957042
-0.02468240962275058958 +0.12798288341682878544
+0.08659353414461201659 -0.00137164768089714784
+0.19829350213576207862 +0.08510288051490549899
-0.14010884508146631555 -0.24868939003167866986
+0.13541122277772810190 +0.23279446672053655254
-0.16840107340826288018 +0.20491388204738375522
+0.13304596600694562625 -0.12495133128124125133
+0.23140129958017996437 -0.12545995484562827427
+0.23378675618637667633 -0.17034697000938309186
+0.02067435439682163700 +0.21811141691877017346
+0.17150992040134416250 -0.05997992221571213367
+0.22877308068395552088 +0.10074405919305262636
-0.16717259177534538050 +0.01021749969511248635
-0.09768099411205705129 -0.01603819834995612315
-0.22479676632128481328 -0.14879730249620265470
-0.21791915946281942285 +0.23289699476528286093
-0.07025578543005955856 -0.05479788345019237505
+0.21471616066757703845 +0.20412495543053682523
-0.13610176886241637240 -0.01478051466429047833
-0.21642122708291661182 +0.19568044168772769087
-0.04767696588867048613 +0.23788877152123982794
-0.24370435358649816804 -0.13113239626231398827
-0.19617288216054018513 -0.11599262525741077523
+0.20493374256806673461 +0.14566834252118610049
+0.14736064916352498155 -0.07695052660055368143
+0.04726220015807697239 +0.24442864503526673392
+0.01593669071215991773 +0.19699992902788993065
+0.17146935213716479884 -0.18736392906482390863
-0.10677487421118259103 +0.18676911625083986168
-0.06919641092250766734 -0.07285767439485951735
-0.04475179475656770878 +0.13119071433973594765
+0.05999510529425416960 -0.20828605415804563039
+0.23027922557074670395 +0.00998766240945603290
-0.13297596402146072414 +0.04140556278211493524
+0.18215330204193930230 -0.22483070071051802774
+0.00844431438661169542 -0.07602170641465050283
-0.19471318285399707992 +0.00218938131247203849
+0.17362116528263987769 -0.14911039055681435395
+0.23064470103520967603 +0.18271849834716613614
-0.00895659735639298127 -0.13947102977004194324
+0.06288364265876827952 +0.01382123569933346729
+0.24328965500372917719 +0.11958736020423504920
+0.04501538775762836675 -0.14297204777497535266
+0.24964378340331894179 -0.24385335780261391259
+0.18589048954485787313 +0.15466450550653620954
+0.11750939843319274658 +0.09861006064863342413
+0.04511437481457192256 +0.17174970796613436841
+0.07293314705848114032 -0.06344821103604492141
-0.04761525553861573057 +0.13907285756415505018
-0.14635475953122700776 +0.06546992972492060581
-0.06530316604685304505 -0.16876885406301411763
+0.00194549934696491844 +0.17099987019888857054
+0.04583448498381098579 -0.23228550595664920753
+0.22505044448837746573 -0.23948666492979719944
+0.17803091135849286042 +0.06291257604519762126
-0.00305591642104763306 +0.00191409549421095448
-0.01639243582261767918 +0.20978699258589750265
+0.02025119189282231780 +0.06087118888494003066
-0.12193980109579127813 -0.01508960141086562734
-0.11831348003232183830 +0.09107395894531922220
-0.23508646596919885452 -0.19967142060961856620
+0.24696085469413486813 -0.12795047559064365306
-0.22703060522990614611 -0.17230220033438986560
+0.23436658181279440560 +0.06922451456627232158
+0.19974771291311921306 +0.20893842330701473120
+0.04164397228388477812 -0.01275589676484906176
-0.19291441595477820670 +0.08903052551078560750
+0.20482880647211920699 -0.23342554725882252997
+0.16715879762029522970 -0.02313971689872734716
+0.16375510707396034871 -0.10411393886517966711
-0.07753736878437073043 +0.01041255040655214570
-0.12916808173331906229 +0.00369833074905279169
+0.10294870865891320166 -0.24489209225339325648
+0.23429462288684477222 -0.17372128255417290665
-0.05169333357064032075 +0.19132813480339888601
-0.04095420685867795507 +0.08201657382246962946
+0.13336601886398186112 +0.00290056734677368588
-0.20093282228075320939 +0.08347915260590588193
-0.01898601624877055416 -0.05573028068880786501
+0.15357756993396615153 +0.18971387117286780954
-0.15809106219747892652 +0.03381371372052849322
+0.19892184643193716598 -0.19648048737641987671
-0.10833802718681134758 +0.24718792362406277752
-0.16792644972939069214 +0.06964669134321593846
-0.12452733414057398642 +0.11745445190457798335
-0.05799798007820744505 -0.04946418934385043986
+0.17259639538489579547 +0.11145571000096887726
+0.13508496803144820486 -0.07544397457221052594
+0.09609870265454067972 +0.13716398252145284298
-0.17819565832863920596 -0.15661846605006013444
-0.20389398098527983239 -0.04136048866731895091
+0.23458750655252569306 +0.00489496463461158715
+0.13437187479507162191 -0.11570613410580360414
+0.17404405030590325287 -0.19154875791118963768
-0.23332454007942243779 +0.15816850835108037243
+0.13025441249957808720 +0.03408711546184189922
-0.24592894081896815583 +0.21809748047537785842
+0.24050832356743578888 -0.12354986109480770029
+0.20736937526089677108 +0.02265035620591482335
-0.03108333721368694569 +0.18680617931621801286
-0.10600055761040433344 -0.04437879315448634010
-0.15363085315535807140 +0.21176673423936503982
-0.14125817737302726051 -0.20988770709983373131
-0.04327752796558104187 -0.10537560523562838899
-0.24663275047614990898 +0.01799348313727516802
+0.00543139151388655206 -0.16005186867546217222
+0.23305836216008085637 +0.21391351880256459506
+0.19533529763391538348 +0.16615611733758367530
+0.04433111878674117490 -0.09544823022562770598
-0.19506731025778079047 -0.18699097371071016216
+0.23859979460309854726 -0.09845980211037969054
-0.11336733074247196118 +0.05653384084737578252
-0.13747581158550559177 +0.08063359688530158387
-0.19138611632386015593 -0.04101494029521990381
-0.23490793245445257265 +0.19839754533712489204
-0.10377095262323360325 +0.14451559712522837886
-0.23806254973131962815 +0.17532422289721660835
+0.10000361781729383281 -0.07262080633898265747
+0.01913635177531858300 -0.00397323049073122769
-0.04114794186801878917 -0.00928361935362503887
-0.22069040607520512554 +0.20805327289625291654
+0.11917591548612976871 +0.14370172383915719161
+0.16357878103489381649 +0.16427294863173830253
-0.20422129999750315843 -0.21890290086697916649
-0.05111755540847379153 -0.02886006544682795383
+0.24752303696684491152 +0.01415212383650832351
+0.21775029162209919020 -0.09005809765255962107
+0.06050853631211788874 -0.13175540340399372052
-0.06510411362805251789 +0.01078445337009448224
+0.12133222714799218878 -0.15942469965364763906
+0.07682683680491891876 -0.19412536477107839028
+0.23052270303035826693 +0.17801095670838246177
-0.01549585215733972898 +0.17750717849439484608
-0.21694573373885600587 -0.09469396749596264984
-0.10817554134956924861 +0.22224276115541213850
+0.07466610984031041287 +0.24827273245270670143
-0.22523798708172731997 +0.18567351262635678477
+0.24892169684567799770 -0.21039965137944632856
+0.09765511379822233717 -0.15570011862713895034
-0.06866318883830024866 +0.18697406115149339811
+0.05281983355170000172 +0.15850660659330528812
+0.17429344467832896814 +0.18963621129746255356
-0.04090127694786144241 -0.19700483482787395362
-0.02712038242089270801 -0.24429195520829211086
+0.23761766002991241420 -0.17648460683786110215
+0.08354602448460868303 +0.06285100827349987540
-0.11041876699785951876 -0.09904738801928975045
+0.00693808854260752339 +0.24376063784557022718
+0.02009391699178669777 -0.16200738661654340289
-0.01845699172892112383 +0.20350885637730137256
+0.08367845555681951986 +0.05392254716821515137
-0.03544009483380478054 +0.16564086333771638193
+0.05700186115508998341 -0.03781956208656922502
+0.10416901738836875646 +0.00576028469426187462
-0.20451802832168830548 -0.06165669674710050341
-0.16898821404524633216 +0.12499012219727295703
-0.05927685105531349530 -0.24799739974165035949
-0.14305182163521895644 -0.14273905832736050181
-0.13210395541109964945 +0.09917873310893476901
+0.13526029113014281791 +0.08710985058363296396
+0.16888295961918714516 +0.12497178133196318317
+0.20454733541716491052 +0.16587415049531661904
-0.06769549043359529561 +0.10290021646898700469
-0.16920016268425391859 -0.03767780603525328065
+0.15009795701162348402 -0.14833376906871564849
+0.15197217776769639253 +0.24704538883943283345
-0.04527991228208638752 +0.23183779134437948466
+0.13399133499073484499 -0.07156687775535153229
-0.07125515811871224736 -0.08451529461122142539
-0.05708740962233771477 -0.24173079882938885987
+0.11734047362555583005 -0.22535911010255837983
-0.10022756810261868043 -0.06849723476179631065
-0.22735007006166929600 -0.18396980625028475087
+0.22512496838261197851 +0.06703577909817526326
-0.20809688190142400233 -0.10295968777709391118
+0.22366084670027136516 +0.07387908588820335520
+0.08132466226357670802 -0.01028430213188669118
+0.16343895195951274601 +0.03674379133887206716
-0.22550700296675485479 -0.19262881419339272782
-0.17789966412230606707 +0.20726621331655631364
-0.20317558300598126397 +0.06514166611606397872
+0.12349234767943967350 -0.18946251000661434860
+0.05863201067210799255 -0.00272795580082152433
-0.01341961142884540159 -0.04534948258934790033
-0.18341763180132847344 +0.10841698834933033435
-0.00979810500595662548 +0.20008482763968238327
-0.21257619233981261964 +0.05981830882770755586
+0.08811128204716600631 +0.12062030463376649525
-0.20767722275921629560 +0.00816300785062323842
+0.11135402570219937735 -0.24999324011865681205
-0.00718907874501983901 +0.13857836340354723337
-0.04974445157555351660 +0.21077234465808764030
-0.15932561559194624579 -0.17097139950091139182
-0.22071216950337468887 -0.10479328334203458217
-0.00016248279033492796 -0.12136942650499227270
+0.12862568660956080757 +0.10872434505453759668
-0.15089255172569149277 -0.01316528264540189896
-0.19493756396481426441 +0.06446030210531505933
-0.00464329119891471187 +0.09038327340810603516
+0.14298694154279256718 +0.20271111570866418017
-0.10420702034473949826 +0.03558636543423254750
+0.05063627266009390615 +0.18756296391133325807
