-0.15316150921734766888 +0.22487305718229833040
+0.10509412662271494510 -0.03848858732624144130
+0.12440291654762336560 +0.11102013257803933222
+0.15014047822280446320 -0.17444080635298153670
+0.23811322525563932695 +0.23121287386773176076
+0.16452201216625295110 +0.02538737310857364093
+0.19824388576979051768 +0.12328810570475245978
+0.08173922295326369047 -0.00186338668709873367
+0.23573300315384487780 -0.13414488686702269460
-0.03998950220591457327 +0.03627270408994526241
-0.06813279005070221883 +0.00280723203797011989
+0.22972573500098653065 +0.20855578586922224327
+0.03310498064216726988 +0.13621978514149596373
-0.18734589646743260438 -0.04996555468829338986
+0.23772754828255804327 -0.10867804810208614441
-0.12908802827982701622 -0.17470728471991914255
+0.08339379393225559989 +0.00170165611106443126
-0.19730887233219895904 -0.20678939152716097061
+0.00355838920773965395 -0.06235827949936129100
-0.23826207873810212323 +0.21570254852578235605
-0.19414886971696121432 +0.23814353589139863887
-0.05541825541977940528 +0.14953057506415423639
+0.17850430408405965066 +0.08119525518364928418
-0.00044797029603510508 -0.15312908644731482166
-0.05280917089939901610 -0.14990792860824186938
+0.07308224607320534805 -0.07432224936297260331
+0.22233543123075533154 -0.12754072149372458478
+0.17368899316153868506 +0.15736066187573338748
+0.12230886461517026520 +0.06408935752206174064
-0.08301996263293115463 -0.09100520177088622376
-0.19050601100225122986 -0.12585085801062290134
-0.08371160058265902926 -0.11193658807607753669
-0.13672239353854298560 +0.21293306937187317374
+0.08345072278429338519 -0.09490584721135669755
+0.19850317924319227370 +0.06474150920605103998
-0.05772492092577030665 +0.11889136424391177904
+0.11562566051315503746 +0.19361363094508060589
-0.14664540605064785295 +0.19483965363561978057
+0.05194106396106212831 -0.19029102941122189030
+0.13086270945713812663 +0.24126201731558938324
+0.02610714525923751861 -0.20561153557260097857
+0.24622359891266665244 +0.12956467893811818293
-0.12655753322101725988 +0.06706669966067668742
-0.14544887912887266568 -0.02052306959249960983
+0.13623139263587769054 +0.24551937742775248319
+0.09047450551663765994 -0.00449589192417815253
-0.02213136394188780498 -0.05720640545386201925
-0.10779878501001688429 +0.24022130360388271875
+0.22012106779083751018 -0.15705195338670235872
+0.12901212950157631143 -0.18567899022274786391
-0.16491406224546339976 +0.18320284275294368426
+0.05605181752937743456 +0.12332882826609919968
+0.20804806126112768139 -0.21780455858759778520
-0.17318419930254330685 -0.04555571679853198663
-0.17617861458927808194 +0.19888097846393504309
+0.24201604422053291099 +0.14743514134848206831
-0.22978212288653526718 +0.06339762752027983117
+0.13048410577248881204 +0.16441832750142554298
+0.12811891176593120933 -0.06370248205366763061
-0.07041912192473059884 +0.19585276505468335317
+0.16376837644242409064 +0.10171216632150953396
+0.10267707231802986056 +0.02561961496496739654
-0.22321789778514083968 +0.14560049215544823564
-0.05686129224943292648 -0.22764574687047606227
+0.11701739696225305076 +0.08787808184905265829
-0.07498655115208757715 -0.16953253952137592453
-0.21859341753766697858 +0.02258247561662585223
+0.17144016985469529013 -0.24520801243707834871
+0.18351201276980505517 -0.22160474345229375093
-0.23563781197657307498 -0.06248626013760827380
-0.12124814381019083376 +0.23713559402729095238
+0.18566007166533460282 -0.24562317649394527219
+0.12265080887700757772 -0.22384991621569749753
+0.14015944454213252746 -0.03466748131851837833
+0.04863212274804318280 +0.05437670312233255920
-0.19799535047962785184 +0.02509746927001949013
+0.12169519342066198453 +0.18988443504685592611
+0.23559310166543295795 -0.10183456074423852256
-0.14707481761564017431 +0.21968327296384615455
+0.18563115240688016216 +0.21747064999831744458
+0.24303082553354232731 +0.17151588081696783616
-0.15207412349538312890 +0.12188979009737938020
+0.04946955644796702245 -0.23176564053849102454
+0.08648121043179157752 -0.06022011280727923577
+0.06490722156241757190 +0.21815095457751521035
+0.23062663976301150948 +0.23387031480358944080
-0.05510003646655775578 +0.04257350215146810113
+0.02934899460102408097 -0.11970780184415436009
-0.15125571769652196297 -0.15034062162230515947
-0.20309037555140785347 -0.05603419113909363647
+0.18463994433991909316 +0.13655815430160839208
+0.03324870518460659730 +0.21029527372375289573
+0.08440079971307501427 -0.00148293910947711050
-0.22771005375570585461 +0.17512354107437505535
-0.17765052305175432767 +0.03888869703659314503
+0.15133247558435175550 -0.01114158808161641590
-0.02727626778287034481 -0.04896134415265335216
+0.16622751236955607412 +0.13507052348782055962
-0.15979712796605560765 +0.24255121083828001805
-0.15162698330785057133 +0.07512006615354327455
+0.13739459782044893821 +0.11714677847464449734
-0.24688790073762639787 +0.04015499236803848904
-0.17156659243627114808 -0.12754154973143927432
+0.15390455805918040744 +0.22779057127474239275
+0.06224821814361858330 +0.05202932924670194970
+0.08923848491345320877 +0.14494997731183945078
-0.03518120816320569055 -0.19271517713457952947
+0.07873598179038837630 -0.23679768789540633911
+0.18140726663596329349 -0.13190006173003404610
+0.03076552340000632269 +0.08571438286963628528
-0.03599745464522274840 +0.00518085708026871927
+0.09827554058118964653 +0.19255817153184023871
-0.16763890170478135122 -0.07386464775638473812
-0.03406305703885226244 +0.19637538565242718125
+0.13498596215852270985 +0.13908076874999580896
+0.10918019620612240406 +0.12792156292468609413
+0.18028332801275481767 +0.04942696830847520539
+0.21033441449107798116 -0.01696942089736802606
-0.22947611216596486283 +0.23721171478810976208
+0.10162071273522066406 -0.07612976451388686616
-0.05552012059232025454 +0.10395590779519386926
+0.05480109767162438805 +0.02385802949741772094
-0.01244715012406749644 +0.22979326182113335442
+0.18636628123724197081 -0.21375825529136294190
+0.07720945949055124657 -0.04465112793678283065
+0.15270532064333586231 +0.01098987184240390880
-0.21225157551272488821 -0.17526296424048626310
+0.06673061795769902327 -0.04159857770325897652
+0.18490755606890985074 +0.04261231979591811880
+0.11824538683442914477 -0.10037729500499453783
+0.00959506712939217632 -0.08134945480315192157
-0.06822361896505291234 +0.09110314916309825151
+0.22214755430175114892 -0.18278632616387130438
+0.14883685346688729778 -0.23844381114146090406
+0.14094004287180611490 -0.09073867232715920883
+0.06299674657667808653 +0.22520675787176558380
+0.22751715077236778217 +0.04782868578108440127
+0.23017028692458973982 -0.02224841446383529764
-0.01537463123925419950 +0.00406638354674021540
-0.19876562942971076620 +0.12804771812695037170
+0.23149781823501519584 +0.24575086377103627644
+0.00368217636068524090 -0.00611761281328804252
-0.22396253229078205704 -0.08591450499756653203
+0.20253477726607571618 +0.08057225521196198503
-0.20865484833155933941 +0.09453936237891669148
+0.16407473452437809636 +0.05736086748663193902
+0.00375236943465079298 +0.02056256314805182672
-0.19631776030509279218 -0.07692049583899329690
-0.13099106891482992232 +0.09330912169085403551
+0.00340361533985639175 +0.14848085726630666503
+0.06121596859934302914 -0.13246802594880768833
+0.10313014232847678153 -0.09319877455426922586
+0.05590660268166103286 -0.15765725266026914264
+0.04842065725991134828 +0.23050952050024609008
+0.08301620445099128220 +0.24103397741164539481
+0.06305584031686023438 +0.12875102965083928819
+0.10366866085105796991 -0.01934183493018082345
-0.21362548317367535677 -0.22008136896870938992
+0.14053331689289549900 +0.09609685822010410883
-0.22710077998659294884 +0.18992550291003057472
+0.23400119802760593890 +0.08997239651353244883
-0.19904486036454871467 +0.17670211617378367430
+0.09270486316115844616 -0.20380707845007622891
+0.15858825514112701027 +0.21368463515918578732
-0.16544407533429461576 +0.22572686735359565047
-0.22489416750301371994 -0.24070955025403412142
-0.15613032232520135389 -0.06351106728493732811
+0.19387951050434892863 +0.05187041241828227456
+0.02269373681010272703 +0.01092553904907489493
+0.22529612387164599241 -0.15636467276524351755
+0.19975763852851508018 -0.22895383002958641372
+0.03537731315244968533 -0.16197539333825272667
+0.14004634940261861953 +0.13684388014750681339
+0.16489845491737675776 -0.24508603293516673105
-0.01123108247485310462 -0.18521126130146353672
-0.05829344666270414033 -0.17619375695558442407
+0.10511574372350540596 -0.04564647970246910047
+0.24853866601276158876 -0.07782813256912474165
-0.01207870963000429176 -0.20786270337302975575
+0.01444765868329817016 +0.03600287284786285458
-0.00123742368305079786 -0.19919910644499710939
+0.15651453713007529300 +0.22860479514795400968
+0.11525574827328322058 +0.03443883364021071980
-0.04683734061346084276 +0.19389486335676514583
-0.03571429521709656996 -0.15809025355823874692
-0.07588150282618177922 +0.07832160978173957622
-0.03042517858787996410 -0.13206500361368306296
-0.18806498008798150368 +0.04166824245448141895
+0.03187610701305954031 +0.04189607963223340725
-0.00331725214754846620 +0.22268008464365118826
-0.00960600227231839243 -0.05281029671694353889
+0.24474345637447053603 -0.15859670207501247452
+0.15255864694181014984 -0.13000941482259936732
-0.05290698900422907691 +0.06558777312677177562
-0.22387251688923132109 +0.20530531058889567309
-0.13756067063733856681 -0.24906112979572053723
+0.23732671282133244173 -0.14049748217918983650
-0.08091515879480870588 +0.05597092024108601960
+0.22846102225609682401 +0.02530806543440533574
+0.19611318274562777875 -0.14148588456639921151
+0.18630122778984048448 +0.04895985426757842873
-0.02436281789017985533 +0.14518341353183711329
-0.04816596199148603930 -0.00483410694536490215
-0.16977727217148336214 +0.23866316524220659856
-0.10523693176974385777 -0.04769204923192904566
+0.05595887361058082821 -0.20463368231966494459
-0.12722275211089917324 +0.11443876540835601352
+0.10339339788839263523 +0.10824088441250356851
+0.05955910288552462850 -0.14914341746517317810
-0.18879613016443863582 +0.11831669522320226173
-0.01410866815060557444 -0.20489387568685085705
+0.13599532892532556483 -0.11862033959036744069
+0.16842825718313575445 +0.15482578868650798132
+0.12145931199707160619 -0.07030199287522159723
+0.05481649632044577336 +0.14426826232012140983
+0.21877371915420762427 +0.16457401298877460949
+0.01420498120478475013 -0.10737077139769585221
-0.19578723615991622253 +0.03995800137201804825
-0.05096800832842263151 +0.20606705807475045322
-0.00498865868319109396 +0.12447831683957372162
-0.01521750158890833315 +0.17870406096968000087
-0.12673561075170253210 +0.00977838420224513838
+0.08758962777114998044 +0.08943629401046232497
-0.05640366778509020573 -0.10383685125405506255
-0.16835395262392904847 +0.23440918607802241347
+0.22764677595672444532 -0.16366974298545139410
+0.20343813470631033624 +0.24050503835133402175
-0.13777701185081508983 +0.05628223570460821890
-0.22126219501709953885 +0.11993087574833011244
+0.05200117523389363727 +0.01520184438359539758
+0.24480969922210688017 +0.07992318283826593817
+0.19918880684726431030 -0.09429687864833913302
-0.20710874669147194549 -0.04920948738304875558
-0.02546918137079767774 +0.01911648365014395612
+0.07379573682785067756 -0.06685832137051661572
-0.00029398933830154794 +0.08130616867004430981
-0.23994599835464619497 -0.02483879089960949749
-0.08481077403494563516 +0.21853649846610218033
-0.23904390632043770459 +0.13477373786663904287
-0.07719645655647827676 +0.07345590120906486664
-0.17699155194209975628 -0.20100529210420353676
-0.22734990458421711068 -0.04728652675616096257
+0.23642612713613625486 -0.07476666486447786086
-0.08054463769176178900 -0.24256608828340764372
-0.23537415865081945388 -0.23575081240137990557
-0.18648129301373378430 -0.11422499147193548863
+0.15272955421033507228 -0.00085404706300296063
+0.05868643261564310265 +0.17615965694529012175
-0.04230790285817359608 +0.05640189484215879512
+0.23797079079714195116 -0.09520646668416388181
+0.01196197219142919321 -0.02725746262515865714
+0.03206304022072470339 -0.05215349898867543965
+0.17271794613952307085 -0.20852811598090198464
-0.09238387434121281272 +0.21859274116958288259
-0.20242539761869171588 -0.13184812208983515136
-0.16383195226675023592 -0.16241773195710812461
+0.21169607433925619056 +0.04599702517335985119
-0.01479506145995890254 -0.22796937029252667406
+0.13228837209729393809 -0.22893894918519985815
-0.10565892617277566901 +0.24048988220511541281
-0.23066153683165263599 -0.04594146145433758432
-0.16040348611278071322 +0.19271221643974850712
-0.06778442879987139902 +0.06471452105886388306
+0.15651327903897827021 +0.07430486768484861893
+0.04836249980612344901 -0.12891387879816013085
-0.17512713252445488710 -0.13409680776593724261
+0.10654347220723509038 -0.16841996069300618766
-0.23349364628652813369 -0.21101056796605438537
+0.15276188312700661465 -0.19521166459656225101
-0.21235847981285971287 -0.12775349666848040409
-0.05485957424709148045 -0.10061308016561720802
+0.08827977993098029552 +0.24537035464340140045
+0.15415311076372317789 +0.13388275608670996419
+0.10459750693459929360 +0.00443236521420087293
+0.02490800284052185898 +0.13616681253317369782
+0.09264494762901276381 +0.21904088788510173158
-0.24104943239514026176 +0.23995289256007662493
-0.08808233218280803190 -0.23119364779001350119
-0.18247841376292794902 -0.01934496034581179025
-0.13768437109573372634 +0.24641596398588894168
+0.04829204796416569634 -0.12380670125255582859
+0.02849350474647488474 +0.07854494036630599307
-0.13587325223173130073 +0.06537547414329580864
-0.11220525551628390826 +0.01146511962515150973
-0.02179946575682706333 -0.00807956269381909786
+0.00224536571072758706 +0.16511580843618112180
+0.14926775803304342949 -0.23137237676003996611
+0.16442998276414627634 +0.02461247631469382080
+0.23179980546520301266 -0.22894508883480041428
-0.13313286042927291453 -0.00709952171975652968
-0.04031276685810314397 -0.06813606974152425222
+0.10023717243731311566 -0.13507321067957872573
+0.09558792846965352696 +0.12561603417078054390
+0.13739574088393957663 -0.24351177705945081797
+0.14099092091331588694 +0.18194975186315792692
-0.07386373674116569754 -0.24112973513049135166
+0.18034919968996104833 -0.01503903506923753852
-0.12597503718109759330 +0.02254301067218911214
+0.19047890684616369805 +0.10174537805635353038
+0.04618823025152846151 +0.22629320975269462402
-0.02996648641248572664 +0.23873660078996183920
+0.09033768261341912353 +0.00147583839873755007
+0.16591988098012150354 -0.13319516141135079312
+0.09443648698535161978 -0.06952945525652753922
+0.22096439511141341416 +0.19967897229479564247
-0.18232495428765815859 -0.19825623504660266905
-0.03909538106430915372 +0.01556638974299717759
+0.06444182044429613843 -0.03187226564738959711
-0.15213484022420042940 +0.00347255883482772143
+0.20638134527484358616 +0.13627328174612501899
+0.22160982421262287456 +0.03784948989583930556
+0.08496444056767993303 +0.12795179963420738600
+0.10775447316869485315 -0.00166839423043790847
+0.02468962184832290685 -0.07046331002709493863
+0.06049910722465823287 +0.23060929173489452815
+0.01062512056563696961 -0.03520807257791958023
+0.17118187727427658373 -0.08952221327350168290
-0.03114742063610331790 -0.13339662181780131966
-0.12587421183770164390 +0.22762844849390084789
-0.04386292291434712443 +0.10050315164982531746
-0.06968380748020619464 -0.13903043715334451047
+0.08250434901817110811 +0.04514990601028279205
+0.22785287323607961163 -0.03391441628979241507
-0.24552131993523346187 -0.04340928369354857264
-0.01615701528323931768 +0.02992334702850907302
+0.14289830840178202598 +0.01398018164562014887
+0.14345092786836183274 -0.07125327596432612376
+0.14704992242075531905 +0.15106845861311257728
-0.07580974433664539047 -0.10798646775191772518
+0.08339423121705813458 -0.17876380002453257090
+0.04849697369754807363 +0.23394484811436283556
-0.16633818739622263649 -0.10517157985942054976
-0.03021874322522299927 +0.14774974371540544604
-0.22221691392474585136 +0.08139608895425204382
-0.06384515237060284232 -0.15709134621158227230
+0.21349460047201540558 -0.16734940440342288559
+0.01649088289483113812 +0.24298049053974640765
+0.08729704929375198263 -0.19734506585246891497
+0.10393526832858340780 +0.11653185178835984148
+0.21498034825735617970 +0.20404202265051263332
+0.07937294716037135434 +0.09548078936535270289
+0.08832942450790870481 +0.11698579327237829117
-0.23560684426232186839 -0.22694313080958439244
-0.12985445914943599677 +0.05188790343258781190
+0.17219039203926128634 -0.06022547742666450876
-0.22522488194999668032 +0.21646797300167264222
-0.12194588041784409915 -0.18762050292222476333
+0.02849923422301137155 -0.11434601712990882794
-0.15331188074278007116 -0.22748510112026215646
+0.21826413200221744804 -0.14128551137610378952
-0.08014537484150491276 +0.18723838518917451657
-0.23543373260977573658 +0.17719069788018498857
-0.16276628434877304930 +0.01165013665743463989
+0.20828089801639615430 -0.03555390089258941844
-0.11461173601139773570 +0.00068859513644842218
-0.20117076219451096586 -0.21302962992761287353
+0.22573508211825143999 -0.07699391526314897094
-0.20912126366874833616 -0.11301204468400044556
-0.05095963665178104840 +0.18664603232691340251
-0.14065689536323949804 +0.17437034218079755510
+0.07365381781999708055 -0.20795919452399436178
+0.19061595590730101568 +0.22677214713484850073
+0.16950573893128051406 +0.12321301319321403822
-0.13341859138964023979 +0.09654121370722446027
-0.01312157546891973281 +0.15451926714826713649
-0.15150276858140865333 +0.07059642462477083713
-0.18782256748631481758 +0.22240487119927421222
-0.01892444805474086111 -0.14428883076946930064
+0.13108958152567234956 -0.20539172767080865478
-0.18001720297185591635 -0.00877898045486280587
-0.13337519083616150573 +0.15674109518088669146
+0.09757983370371747789 +0.14695491922983833222
+0.06138282311233023147 -0.15590675489111993635
+0.11158911521750725093 +0.06728031450195293139
-0.00748205584492200870 +0.23195795302894139933
-0.03741481809683677717 +0.24987879210849928135
+0.02762348940154968346 +0.04635042236513575720
-0.05595670575829703175 +0.02387354630907501107
-0.22121708983978649599 -0.15617039626075174263
+0.11616089317864863872 -0.14806788361604950044
+0.03423870130622375108 +0.22483076933416218379
-0.11815837225494768559 -0.20227876539790667909
+0.13931328188269404000 -0.12302868390968013657
-0.02147876315013674819 +0.18871436055112161823
-0.18483441085639745749 +0.16418549739162957568
-0.11904257214611713156 -0.19410823021425277490
+0.15439810217820676419 +0.14458428197570588614
-0.19638025374337686468 +0.17538425237245408583
-0.11753116179681843967 +0.04770396246570135501
+0.09733294334272696302 +0.01936574603237978254
-0.01816912660521885492 -0.06110315688843942494
+0.16501748818874129032 -0.22346427425436693470
+0.00127377074320345063 -0.02868836915437628088
+0.13174249735878401646 -0.01543109366270378757
+0.19186588396105608290 -0.08323517888059556169
-0.17883786385702660215 +0.13977615559726785932
-0.16920653995114665058 -0.23162809915454213305
-0.05795624808724414434 -0.05513195780030705206
+0.14229540794738526621 +0.16456676088529759161
-0.19382841213294310645 -0.19688320233528261438
-0.01101350361726977090 +0.13406400005536639464
-0.14257313928092879562 +0.24812025789402597509
-0.04781440184197899290 -0.20381810786360216037
+0.08972774618384371514 -0.00108859795033205975
+0.01128298896204527058 -0.06804911734420049374
+0.08540495341250392558 -0.06732638079034797274
+0.24276229982820862752 -0.19392623933535768632
-0.09779765362757614211 -0.10367534479626666633
-0.06680742273303086343 -0.07113212182207756529
-0.20096953863409600105 -0.21744775920197145780
-0.11296235465311754709 +0.03078624734365509319
+0.11531881931102883065 -0.08666965769059908897
-0.11535713198214997410 +0.00586040276170818331
+0.02713507425778505233 -0.17287417856112718972
+0.07861868995238219249 +0.20238482553390696461
+0.17908049595519492936 -0.20067622969942477962
-0.14055141842555601839 -0.21429545987609799340
+0.04397830131755425809 -0.21037533140199260462
+0.06276224725343082511 +0.06601397093586347520
-0.17715401433162270006 +0.19649630095561648746
+0.14193339485508854603 -0.09007630861325677252
-0.16887077077459372587 +0.04504924289481171407
-0.12592512071079503544 -0.06382462366558400158
+0.01333634826266760776 +0.11547467108537995406
+0.13299296493597101421 +0.23997635803795236420
-0.06056466980805036426 -0.06426433636197564914
-0.19416327682603679028 -0.14761107645768534180
-0.22022822819853787868 -0.00778502299669692199
+0.05089605876135755436 +0.07992591898348611057
-0.05005145140076644461 -0.04466372776539601075
-0.00674329835273318468 +0.15764832867639849701
+0.02147213751594090336 -0.15654911414615091392
+0.14467180481463515207 +0.02400122319260844517
-0.16638414732939232898 +0.13730263171976814229
-0.21020750359390616424 -0.07826660390243639354
-0.00034597515581780147 +0.06904654975820828655
+0.24600831348884616423 +0.14542339296065165399
-0.10666425246419519723 -0.08579197703395441410
+0.03099387520757712622 +0.21646043675263731965
-0.12301262719824784808 -0.00910154706879712228
-0.21018766211267514432 -0.09686597426507242981
+0.06404618158769953551 -0.17343481248208963974
-0.15760905709478323367 -0.10039221497440647957
-0.01617680093792972507 -0.22331289992863001537
+0.22382943781519298865 -0.21315245213335731744
-0.16580139165863760908 -0.24243575440697584522
+0.04650031126290204986 +0.11080846791149179253
-0.16465927674120800495 -0.13597720883654285107
+0.24643491244736587253 -0.00978459974215151185
+0.10337403984003912250 +0.16301519198055591797
-0.09381252216022661905 +0.10125687836602675906
+0.04793138365262761269 +0.08586153806306423553
+0.17621606825009394903 +0.13622674085784408637
+0.11939199811561551634 +0.01244399961078851424
-0.12544189932743271543 -0.00138051481264267473
-0.00559732210154534338 -0.20491092383204950744
+0.24020306452553102927 +0.00843889141458126213
-0.05786924169555890396 -0.12277558139112815239
+0.14787313203096386083 +0.04950055355095112075
+0.21592533315323647614 +0.24136088122875359874
+0.05222575278607854976 +0.08789217515970143557
+0.11041306997095612363 +0.11770001584431877273
+0.14344391413630858123 -0.16711370881532222610
+0.17495698324031522253 -0.14944920663897115487
+0.09249057103163599303 +0.20310496557496449110
-0.10169358618571533448 -0.05845019749877511384
+0.23690966763795140437 +0.00386906658124119840
+0.21223638077346601571 +0.14792325222856650413
-0.22539899773836097330 -0.12795505788937860947
+0.18370408699509677142 +0.08797326432813545871
-0.16254711481362138503 +0.03725285788144405696
-0.19028686107186604248 +0.01802846867400942354
-0.05044495075534000117 +0.22082986279416244590
+0.11408480455307662416 +0.22928971798035874263
-0.20576452630237657138 -0.00150062568310616040
-0.08459502674782398701 -0.18485068688403982762
-0.15010136362137660448 +0.17013590856169591436
-0.23866002859652374335 -0.11882841434498520039
+0.01772007317230411827 -0.02369324447882847906
+0.11291315073483282339 +0.21270223931432041820
+0.17683973758187682135 +0.20546354976483577337
-0.21241970144915239826 -0.19268606282454142642
-0.24173809075746072184 -0.03437219573233568637
-0.09964301838909483955 +0.04067318600732294787
+0.11427064576224432724 -0.14934922641531517273
-0.09216109203220423929 +0.12847344713062280874
+0.23148901803743587857 -0.18273511241392192961
-0.21481142189484669913 +0.22799978419139604879
-0.24666923166473414541 -0.01208054950937798022
-0.01723598307770246585 -0.22381554516763740859
-0.01922489362124385481 +0.08289015259527832136
+0.14468804495454634651 +0.19662430341868797345
-0.17595691736903812386 +0.14318441729876590918
+0.08296171795679985195 +0.23592293043261641783
+0.08755773541726430409 -0.03807716777913344730
-0.22532069560851664125 +0.03595633129384206983
+0.04388946211128358366 +0.21803472732764145325
+0.17603682438457735060 -0.10827301579938541920
-0.03369645344273108911 -0.15829406810976970332
-0.06627956484087166311 -0.01622590626370162825
+0.18061006574080235021 +0.04818690189204027918
+0.08071085539696842837 +0.16763767101367249568
-0.05125089376275665520 +0.03346697113418306557
+0.14085113801297149960 +0.18601294739990703597
+0.19118463260127382952 +0.11729063336267225859
-0.08617787292980155778 +0.11544486676429449590
-0.14614490087993520229 +0.05410363799282286168
-0.06247378568776734697 +0.00394332186184748190
+0.22089257439657417059 +0.05066209712270941523
+0.19882434331814846651 +0.22495957101987040794
-0.18347021661858681219 -0.15259798611726588247
+0.15721596846723823182 +0.11867894997496680753
+0.12541068010362399487 -0.13614826480604036441
-0.07246241216707954846 -0.24185037251779473166
-0.10632661436601720251 +0.01656291268032228370
+0.01322258406236626049 +0.02884394227948955391
+0.14193428690918352686 +0.01591886756167470995
-0.12371864667711784946 +0.13253825320618312089
+0.05065517302901323404 +0.17515486253393158789
-0.12400857137942750130 -0.14171123905063665038
+0.21286941857298319336 +0.04571160969289050913
-0.18077403877807418642 -0.08300224291501917540
+0.05226507722683532142 -0.07028469142000642877
+0.24371883936922533742 -0.17814280918456160130
-0.07909762865077962779 -0.09235938391985748508
-0.18656037539340136755 +0.22623964115998496105
+0.20647300509178706518 -0.20508035170936755875
+0.02311119562262548000 +0.19230445798329143248
+0.05632715574207397546 +0.12958511446332832140
-0.15006702527763737809 +0.16211690568431158521
+0.01963885008433297052 -0.08630275482029631240
+0.01665741642367624120 +0.23851025046489326975
+0.12316978383365628780 -0.12782005519106087732
-0.03902207362348580899 +0.18207010082837793430
+0.00287191067835601554 -0.24061931674163955508
+0.04861090371449511283 +0.04510848657173027743
-0.02630222257604225566 +0.16869503341447222855
+0.20870961398103610174 +0.23911626252190454345
-0.07338180543013306245 -0.21171505052646211187
-0.20650546553272364214 -0.12040999654032796817
-0.11919097973012143798 +0.06575020101313538978
+0.00821384810863295955 -0.08666421205677476980
+0.03867999259667231904 +0.07715173866643665335
+0.19019305768932343037 +0.17321815731461115417
-0.11738070845169551459 +0.22234405731638823278
-0.04581394391376991670 -0.22627502566237939208
-0.12719519322740374667 -0.21803618221094012153
+0.21011841239180378826 +0.05579607937674607721
-0.19314680032313003011 +0.13127495890577078885
-0.08186662998161592375 +0.09376014321925002504
-0.22685927090039631482 -0.14678168291316268101
-0.12382208306115338736 -0.17488867675976682570
-0.12742608479648587227 -0.05178010537872257402
+0.07450017127218783175 -0.21415699829726903003
-0.06029919553153911815 +0.09850436408838375568
-0.19546263383429129945 +0.18871057688304654354
-0.22378662176479485746 -0.00785184181756665156
+0.24000652140271672152 -0.23016232647096523944
-0.17113021417650109424 +0.01918849593983334989
-0.05292491638848800806 -0.18013023969504227129
-0.24100091223648717476 -0.19423111746230742325
-0.15219730222874849890 -0.15592648338051046109
-0.13375786690213531394 -0.21029674657278990546
+0.15751528383026774938 +0.21590275794772728624
-0.03211238691957840619 +0.11368695726846866911
+0.10152946476971808076 -0.14819847634382898871
+0.22118891399564793998 +0.17725360098285258825
+0.18741258183369124968 -0.18327217406471807415
-0.13190942159865831629 +0.07857619145941219241
+0.07514184988038141721 -0.04462641964623559332
-0.23201797827103748384 -0.14800703106752510774
-0.05699096064659253669 -0.18871435394413788034
+0.07899801612601714540 -0.16851086459740982626
+0.02514815848461193770 -0.09908411916752052351
+0.13697938943285348223 -0.18091392874582157280
-0.02520302485743119991 -0.22413042387716003434
-0.01070153040520038790 +0.07143552856916823846
+0.20582288293193329309 +0.07414513820285961732
+0.05546735581346540211 -0.09026364324607938361
-0.13678014072713839955 -0.08626200737197969870
-0.10508421121359867723 +0.05505624549005111446
+0.08182632336793288497 -0.00095917161828057429
+0.02072295110183131062 +0.14091730921013739808
-0.17506652486824125781 -0.13623998574791007510
+0.17570088228618779835 -0.05975148749574638041
+0.15425125254124055774 -0.02390336157275663176
-0.11398876392186990669 +0.03655277240634380309
+0.18124818936795944468 +0.18073243491201546052
-0.17048451217828319848 -0.20323828792017112344
+0.11874230869745105998 +0.23282548175537115531
+0.05123641097181658166 -0.15620874527707023782
-0.08577220038243604794 +0.11598536379224444470
+0.01481127686284200440 +0.21499803536186556929
+0.02956774705513776080 -0.13581725745285538887
+0.22380172481668292317 -0.21163082884267081507
+0.00868988251684582602 -0.12993312492258246582
-0.05266681185024585377 -0.09839726541758569978
-0.07066694147281438187 -0.19837731278022446846
+0.22019408072002683019 +0.08061013695847452087
+0.09775413405179950166 +0.24118214058591835869
-0.15732071164528488305 -0.15147634284756694711
-0.14234465906416154946 -0.12578785214385984625
+0.04614098029745855589 -0.09496277747732517760
-0.10159246166163493630 -0.20057941866509221285
-0.07100890404073345596 +0.17363863030288206879
-0.23067473581892178336 +0.08502938901980805486
-0.09664257198547521188 -0.18362141586431240947
+0.09403452026859554502 -0.03783728235583888599
+0.11786170966057984977 +0.17705892930580480193
-0.12202722693007034271 +0.11229785641357220571
+0.20217306732693512972 -0.05924718832488867770
+0.15832845278066848271 -0.03070211279694734507
-0.21215655692804197274 +0.19646851561960981813
-0.20022927131797763067 -0.00493662480919204727
-0.03887431836177379640 -0.00696198895124572337
+0.21738343385280695097 +0.17383957098899516236
+0.11550201505247198464 +0.08494649622723621230
+0.05807525470248042776 +0.21217217340195498876
+0.09655544889181782997 -0.03769937877035278717
-0.18816316366595442489 +0.16523742662551305083
-0.12172835265119930082 -0.13891919518354128860
-0.21887111584568241796 +0.21627025185388232265
-0.24275896117558104503 +0.17438327909184353492
+0.15844172257179367502 -0.02952087530111519031
-0.02753505958389868002 +0.02962382734323110167
+0.10835669677608333883 -0.12409690339245321722
-0.24758712239028557445 -0.22650359243797835163
-0.04435134505032028995 -0.10270442030172100001
-0.07548221998281584577 +0.14677992864375299931
-0.08940663931056003211 -0.02467126962680749047
+0.05592897169415195213 +0.23756497938720178009
-0.16835877929698117583 -0.07719499982116911907
-0.24789806966492489160 +0.00237665979356732615
-0.23852726350243502740 -0.02309331337222331193
-0.04137757387744073201 +0.11194841819415851658
+0.16012209051580739150 +0.05368898099772467791
-0.00306481290977433929 -0.08132490548880955128
-0.17411922679840058370 -0.16663481833735094284
+0.10289581822563770297 +0.01512949827596149488
-0.15842222248141551999 -0.13267310804724774531
-0.21081284318538701106 +0.06759886815425109052
-0.22748138278810964286 +0.17371430926728492761
+0.05051466173196367260 -0.05165787945499283884
-0.19670222104799844898 -0.10442959008428981393
-0.14726147723238741660 +0.05871636301253285728
-0.04038236773074554975 +0.22795544650600768621
+0.23086695413402053001 -0.24995986849485868353
-0.07229941612837370579 +0.06392014891094749407
+0.09790797920949040334 +0.02050912161531986966
-0.11980805425438012524 -0.04677303741549387883
+0.07419926610379806720 -0.09450606678572809338
+0.07299914402452079010 -0.04166144890506312537
-0.01959426820315768314 -0.03771539905761139844
+0.23120842720321282959 +0.04339342222952791150
+0.08004734264321483606 +0.01637244454971864549
-0.13923396443472463302 -0.23077189970636585725
+0.09602992062245424565 -0.12140329220110890329
+0.14566818860329416863 +0.23875019525362584094
-0.15739524081280897860 -0.20905830979473183362
-0.12213439604596920685 -0.15102876029623474308
-0.08024176970958402100 +0.08058750637925515825
+0.12479480059905401212 -0.02707901236627091590
+0.12673021730264749651 +0.10044463698150152275
+0.04274295133706362826 -0.19410428482885871970
-0.24500830134502293856 +0.02666990669099472688
+0.04364418364317645960 +0.13327991870530958574
-0.21147125670332406200 -0.12038379146818961596
+0.13067987097591149404 +0.14078714544758202942
+0.05893376853731463472 +0.13138216352534970444
+0.05196487507971692121 -0.11288960433058231603
-0.12515396675540729765 +0.02236003971104272292
+0.19292206319846799678 -0.09499348356087133904
-0.03180356802903389069 +0.16637792335298062785
-0.12036636293915459195 -0.11807153203448217393
+0.21333589528720808826 +0.15398730115447584188
-0.14548869129395031186 +0.05733953961247140185
-0.06727010228813534720 +0.21901931519356859779
+0.17061101753179058749 +0.21790341921244910095
+0.15831841508617294778 +0.16582610345136783447
-0.06300633690964912992 -0.11132164870079702679
+0.14854877740239103012 -0.21680063060548560028
+0.18102479573714391758 -0.02673129364779186501
-0.05504754850263426924 +0.24551766936948732356
-0.15635041111511072121 +0.10092147675241053273
-0.24044239578021470161 -0.16364966772433053865
-0.21816334733642439581 -0.22056187263384491315
-0.05337933002096451052 +0.00838802081371242680
-0.15601538029828998511 +0.06742022442239736790
+0.10322089428697406310 +0.23389565572343473665
+0.19045535378049321951 +0.06255611963952734111
+0.08222161868702326792 -0.14603703388759337045
-0.19414488262758916592 -0.15791827024624710551
+0.14310802767444796846 -0.19562169990619926452
+0.21733110194531801707 -0.18331025579570431328
+0.04513244617259370983 +0.01584413587666683165
+0.04865948826627675139 -0.00939123364216654100
+0.22378199530540138218 +0.18230261436802003283
-0.13105546762883418799 -0.03539094631631650723
+0.05117303799756378613 +0.00985109691680108313
+0.00437750252070417956 -0.11543979083268574026
+0.03425178625825547885 +0.06578403787057574004
+0.21391330588717022421 -0.05769263835176896560
-0.24364521490139146032 +0.16943676955218472946
-0.15606216667277400534 -0.16158772638486240680
+0.02861311729091381428 +0.16478033387778084906
-0.16829875397488464062 +0.13010636778656692325
+0.09990009811188854671 +0.24118946086739401213
+0.08733589377425071687 -0.20606046497078966961
+0.05587674711992796084 +0.11945054297395529819
-0.18472453135582467265 -0.12260988208120798815
-0.21959128856281467934 +0.01406802907711879325
+0.13561067392062498005 +0.01043510173648487527
+0.05452018339340269915 -0.16670461829566396439
+0.03868801918039466159 +0.07123439513161766712
+0.09996772480992166532 -0.18329105373059517703
+0.17471729569444233165 +0.00190059526930846934
-0.07188431011707946405 +0.10126319046652043632
-0.20214034027834509866 -0.19833201210178397211
-0.20331062702288232868 -0.22918899123125874295
-0.12784192380667103173 -0.14044405861238562494
-0.05438515408534083662 +0.06530846773436677077
-0.17684198806017281669 -0.14861450745654425365
-0.00304797514471877307 +0.00484512867024106120
-0.06858287866046403058 -0.06097639279305006044
-0.15357099228167031546 +0.03956989259702825557
+0.13350478562175671637 -0.18264602123702983194
-0.05754726299189361072 +0.21019301867214773560
+0.02019956669070060995 +0.05274591382772858550
-0.07004802926714753797 -0.04991681205459896908
+0.14922271938124953561 +0.03297085409179856264
+0.11773994476584748181 +0.18973217614657794661
+0.05484556239003746114 +0.00690638538603532970
-0.10898428331696857763 +0.06366279306117222925
-0.00135200251838307750 +0.20935371420752696414
-0.16988624972088306464 +0.10323520227619298328
-0.22174461126139960454 -0.24629340847098363243
+0.18241574848762520666 -0.13033410818970891931
+0.00923700402391403053 -0.10217656208217062996
+0.01608106072301979106 -0.24547587669477449746
+0.12932981977150487252 +0.04530470128170283051
+0.09821812738000396115 -0.22257776595517886342
-0.10948694114232937480 +0.14880265026641698034
-0.06556670951777782141 +0.18811052740756478707
+0.17252649375242362639 +0.08029170963907444891
+0.24650331576640954756 +0.06607664873999252730
-0.22661677321598799884 -0.06216425622157478736
+0.15924715149899787425 -0.06266340190196445503
-0.17797931316061554874 +0.23882935980479186311
-0.20363725885224387424 -0.00611193774812457402
+0.19694167663088268938 +0.19274511548629613689
+0.15875093337766499335 +0.19769019544180888026
+0.04402274289603724799 -0.18705520837311712112
+0.20385518004659430868 -0.08358947559461049615
+0.07231130158950577203 +0.00918081489388294925
-0.01992618444290145119 -0.11540583201301241045
-0.05719906704691474220 -0.04497185337810477579
+0.08714110815992526238 -0.11349956912596931291
+0.17089166572011960099 -0.21394719348737717413
+0.23321603938974916348 +0.08214219890261864609
+0.22889763569142945743 -0.22428474697596462173
-0.06071713376723808508 +0.01310100398044428127
+0.13773029608697856530 +0.21506594004998658143
+0.09019183809836894827 +0.04588503434627799749
-0.08360167238920318544 -0.10192484349996716597
-0.22322718115588202625 +0.19924643140160075427
-0.01569884004872934558 -0.16649795615695639484
-0.18369289700592106307 -0.02879203374044525532
-0.05008979582870320968 +0.15213653424596679242
+0.06824249167437568264 -0.11663512131826903051
+0.23220355944419796002 -0.23340783104500079093
-0.15699514068192976790 +0.16847605421412231719
-0.12830890530967115071 +0.16211966830654617189
+0.00922548278065959959 +0.07891816551761032805
-0.21888005315802183670 +0.06983114297428516526
-0.23831549681090979931 -0.24163246563647627907
-0.10725660629925559686 +0.15059280660836282806
+0.12485156015274434527 +0.22229663826084739009
-0.12215410243902247167 +0.06521126016458561603
+0.20021740308957391985 +0.13201625049356702224
-0.21496699418644238389 +0.02917750588408196677
+0.17072687396047059316 +0.08550794998636201960
-0.01080310434008496800 -0.05494502922721694604
-0.20136183926957040846 -0.21545640422279282999
-0.19849725552521024774 +0.20319064097505340483
+0.04247561835836821675 -0.17632637111119925377
+0.06327950981148283693 +0.05995669184283419773
+0.11425696289510428594 +0.16037948845715604973
+0.00272612631583363241 +0.15132945937918323986
-0.16199631590331353692 -0.09052027386121452857
+0.24945899296798834666 +0.16795584355069326232
+0.24609818827459678525 -0.18798238910296438675
-0.10121273419312282194 -0.19247391898336801974
+0.23822921807907621039 +0.09845375248964038928
-0.08047702255408289984 -0.13000569541927003980
+0.12947407150065509684 +0.15194445647460214088
+0.19900036500895273983 -0.14467536344994352815
-0.19992863162844531910 +0.11483597611634066560
+0.07684835274353024603 -0.17548937576669521032
+0.11376916022840893872 +0.05535007985978707135
+0.02307010042341162137 +0.24246468353937689066
-0.17891434368907449537 +0.24887692255767757121
+0.04094397172324204526 -0.09714362367827367173
-0.13641930931963297535 -0.12351121109021784283
+0.04110765429326473930 +0.03995751272972219992
+0.23308139596249782821 -0.19460451197934452994
+0.00075736159364148126 -0.02587493774555327253
-0.10269507063788602119 +0.02041319009751113578
+0.03754977516734236964 +0.08212811534618968956
-0.08312922525907529003 +0.08826268536585263336
-0.19017558560817016122 +0.10044035079484336936
+0.17906892308556726645 -0.21498201705270580941
-0.05441277134084482325 +0.22050072587656088796
-0.15437950564832569889 +0.06396302122522989908
+0.01090692140487914408 -0.12528871760351956155
+0.17257549508261443849 +0.09717539833850485920
+0.02415979933607265151 +0.12923065744427886248
+0.16344152202266859497 -0.19196794365845687436
+0.04754495240945288970 +0.01766954001946313690
-0.05101349598905563498 +0.24762496898923685995
+0.10669241287725206302 +0.11461148045244390348
+0.16111409751440092242 +0.23720831223948629640
+0.20555396919199053762 +0.01539597341601639524
-0.15424634431716333083 -0.07119009033018058874
+0.08469061908132724525 +0.20546862763174750244
-0.11359635658272626557 +0.23443002134501544909
-0.00736906821173960447 -0.14075966811796486455
-0.22183522222973156568 +0.19325595630311320772
+0.12605668915426954113 +0.09129704528764837068
-0.12837460269924988454 -0.03254558202289969948
+0.07626860369350679791 -0.21482098575015490249
-0.23260515844106538497 +0.01971492012654307846
-0.04917695409616318347 -0.00620374641513959935
+0.21148414674582188821 +0.06275477505969473402
-0.19686749800367742136 -0.07046832986349038652
+0.18725215571609793441 +0.00948059593526151545
-0.12367093163492298702 +0.10688383808504975381
+0.24346325447401134801 -0.01609473207871142675
+0.17499379960489624963 +0.05366913933764583255
-0.22057511446010091838 +0.19662075135396311909
-0.09825495636042552716 -0.22107815746767861542
-0.18594558936153060547 -0.07013013986745808559
+0.18045790572190262280 -0.10825504747647718418
-0.14786084775990471218 +0.23529805358685235150
+0.03841407379394040644 +0.09479408725739907338
-0.08334274742405350933 +0.01715819252386541205
-0.19619193702797765866 +0.13294895078943330669
-0.06408656290236602882 +0.15645298171014443422
-0.10393591606068280919 -0.09954953292220419803
+0.10808075042498282992 -0.13328332785115609704
-0.21327878857045406980 +0.21117616395422006415
+0.14024060974800800494 +0.04821999354888140132
-0.12753472285648209672 +0.21107642062930542792
+0.12048126871189063225 +0.12669059225481266173
+0.22146892341696605699 +0.07036190506282952173
-0.22832637832199381700 +0.16592721533413246071
-0.18453523104346292172 +0.20938043253877774985
-0.22534610633713864081 +0.04216817300725411721
+0.23101249766612613756 -0.19988821452359806230
+0.07281005324381223387 +0.22573838908730048392
-0.19647612046869555869 -0.18162568154744540561
+0.02150793856260363457 -0.22728309483843311956
-0.10430876405011141328 -0.11811124600864514322
+0.04075426544367388715 -0.12389844391593934914
-0.05979661300798783108 -0.18490851738993480113
-0.12659668931524126201 -0.23532793913169580691
+0.05298196841117125411 -0.07869744694357522219
+0.22940519915680679386 -0.19729802185799627523
-0.12430145397785358208 +0.10740843464988619749
-0.19271289815806330603 +0.18354497122334456627
+0.02999847364823043927 -0.19261668270549514581
-0.05689757837496856041 -0.17007221248614645681
+0.23452349936320165957 -0.18134649069238134578
+0.13027513323532918799 +0.01309273428695451047
-0.04603014036919905738 +0.05347055240282877486
-0.10768748618249018856 +0.10624604572905960165
+0.00986272798986731480 -0.02324876955742921636
-0.24312578958090108605 +0.01448942283716181390
+0.14634547590709479081 -0.21894671623791095438
-0.12458364223958312555 -0.03979946273283835323
+0.09628339605508534627 +0.16512368782822184343
-0.22822809772108165749 -0.14782145143613656391
+0.10745947104766728764 +0.22400685542812043272
+0.00147964868725919407 +0.16672087797271167853
+0.08444588329495528178 -0.22170347772666221253
-0.13665940500231271715 -0.21225873495134611746
+0.24419217033897144820 -0.15750056609113277650
-0.00163507569114174078 +0.17797947023876659056
-0.20293874005268647265 -0.16832550945101382167
-0.13803059725251753953 +0.07917504945365533287
-0.08818031271378162783 -0.08081074914716257496
-0.05580191366261866293 -0.15854398518585161026
-0.07403209551511391595 -0.21943203022138979552
-0.06389354768253646677 -0.11981433043241962455
-0.00251171413205047989 -0.05201305766591612922
+0.13882595387305868284 -0.12354893923620696716
-0.08651611081826565686 +0.15588765478495941741
-0.00218030643243827260 -0.19475258126863870256
-0.00453002766040067062 -0.04326547218474180445
+0.02865967878079944686 -0.06155583631291194902
-0.01422505863039891238 -0.04610632802050979029
-0.13150620511429783610 +0.06403530946487639985
-0.12569047368150604305 +0.01116092362927778581
+0.17637422655983953090 -0.24250796357397691461
-0.11163366543235708761 -0.03689850669191363508
+0.12617110220632465900 -0.03973292158886221337
-0.09542786395606694949 -0.10492215000105109546
-0.05612822183437948809 -0.06431648403760581445
+0.06354653584218017404 +0.19000457750802379753
+0.11655631808289873552 +0.21122341818819989623
+0.14561132744632993008 +0.03272877778537547355
-0.17939725237562104132 +0.21011276021180691487
-0.07610965869051838917 -0.10842787698280670350
-0.04461876827295074843 -0.15041283391630699828
+0.19205916941985423652 +0.08973625967105691714
+0.21867883424939432713 -0.06433357165659675525
+0.13457407555707218139 +0.02210623105316084080
-0.21333424834809300297 -0.02976321029148831787
+0.20400292203077968756 +0.22136049793059553448
-0.02587152869414610645 +0.08767732406232808806
+0.20283946142655895351 -0.13374109524049421216
+0.01544973070771288315 -0.15920427810437876026
-0.12898119511227301714 -0.19334802955285229631
+0.19374920345115886899 +0.05425918361970538673
-0.18302770596526635183 +0.16939299032446025750
-0.03204615359807350128 -0.23614314428144611568
+0.02772405228978264136 -0.02075245968400002416
+0.18159861301352558938 -0.23364465286136293365
+0.17950381806243564942 -0.06877890487437993139
-0.00884097482959128600 -0.02321342220654776245
-0.04458559506774950609 -0.01059093570197239265
-0.17765428336812560950 +0.11663994317535231193
-0.09343492301839007030 -0.09286718207620464627
-0.17661253110145619383 +0.06898804668749075608
+0.20417750599465700478 +0.17615092944592591895
+0.19427526804652200942 -0.17659923104201408206
-0.01407647726601907179 -0.06844922125736113694
-0.18231177988633773257 +0.17627097260611268581
-0.03401551320403167766 +0.04801676044493669027
-0.01854065982416974734 +0.13578532165514428653
-0.02052780607610449337 -0.05352490668601661561
+0.04510074462784341431 +0.08392041650039966383
+0.10486778919310357772 -0.00218885179664823903
+0.22845447002659030611 -0.21531543222594284881
-0.06870330726386231213 -0.15749450258751429566
-0.09154474147252505967 +0.19800327437292714050
+0.08183352737243532182 -0.13748526746475786542
+0.19354213077999582460 +0.07170733900047371323
-0.23856823116293879306 +0.05693264329970254556
+0.00069332167921365428 -0.18718677467555577820
+0.13997670004386225662 -0.10274425541047599308
-0.18145021869282257354 +0.04708617898668177038
-0.22407413861329616989 -0.16732525158032823809
-0.17645919136810089833 -0.16530080088986731646
+0.20750734166779688517 -0.00453038567010066728
-0.21543225229884105376 -0.18663720141967360400
-0.07357829297018925185 +0.16762926321270515961
+0.19478250671859914656 +0.01529088869229550118
-0.15814099305019979624 -0.05909449350379730737
+0.19036200852039752984 -0.04383188525229453347
+0.07325247426873765511 +0.23389288129765289925
+0.12440606446747920488 -0.22837507447434812757
-0.24113660411669946004 +0.14041086687931103594
+0.14802729374177187038 +0.03413354392384621017
-0.01925378439719066526 +0.12552528481125874160
+0.02776004229762002451 +0.23599066815928582130
-0.21800003687309799094 -0.22213970209693956193
+0.14319567631536667118 -0.17730309134946409255
-0.16385450368869375337 -0.21430205331435553395
-0.08524239458123278323 -0.12920313774470471024
-0.01841083007105748237 +0.23115050273868364972
+0.04668375757985043784 -0.13088157941194833445
+0.10339679581145444498 -0.10056959331227177668
-0.18168141857277808615 -0.08599208157049964552
+0.15006670942645639055 +0.13761389197487489122
+0.11524808508147754704 -0.08874227794247652179
+0.02268434633908755771 +0.22925197184398848904
-0.01500615659864579232 -0.09335381066960701801
+0.09750343890882873232 -0.13328525733188889557
-0.01076124406576306480 +0.13861871976409445573
+0.06059664541930931403 -0.18291769459557299937
+0.05311198381767640031 -0.17972438166063692266
+0.09715435019997603616 -0.07348731912070294303
-0.24948329558313936394 +0.08565193283105770883
+0.21226272767920789653 +0.14696389129475023738
+0.12972267276673460357 -0.21019121365098392129
+0.16442118628510676848 -0.05560294488309452943
+0.13804964188227891730 -0.11617679917587042659
+0.12831206862088539999 +0.20856595695007063007
-0.05671567704260849219 +0.17660183610131691134
-0.07074316445768819017 +0.17890132479397541365
+0.23974572147485917473 -0.10079446308489176110
-0.10135500337185882058 -0.00366638680213854373
+0.22608994373268509470 +0.21157375380357423822
+0.00327600256297810866 +0.16797872558115867214
-0.05654065673230157518 +0.16378699604853758087
+0.06656902477980886079 -0.08774516611759985985
+0.10121451061547442896 -0.18773135072310270788
+0.19502442021212212930 +0.12482639905473713604
-0.01989962949622187116 +0.18194856098283529455
-0.15814795254098551469 +0.17515662890346078706
+0.04645277431372496491 -0.12073277684203237436
-0.24248392734887541655 +0.17456490584207434713
+0.15119644779644630939 +0.09985052642701441883
-0.00192433830042942899 +0.16754027614183453210
-0.20905395130497883560 +0.16967949908728219288
-0.18455491058231776602 +0.15195778238915824687
+0.08137145969053255490 +0.22693324440410589382
+0.03947313933840496114 +0.18029704632642001849
+0.02363396783785348676 +0.07146040937171721508
+0.12637249751523771391 -0.04031287579864295534
+0.18618111368464551614 -0.06203636088336511589
+0.10472277829066756194 -0.02929716119002906405
-0.05135539071162487090 +0.15032729471779104902
+0.09973578139891237093 +0.04775650364841199647
-0.14670610719410770439 +0.24335689671272547896
-0.12454420460842147156 -0.22968493952005908376
-0.21578358262003527468 +0.15107026014444818740
+0.07379917828307841488 +0.12435073698907661566
+0.01899447073327220625 +0.22932700097024799613
-0.11557241413069324620 +0.15276572023347673168
+0.08603800526694199702 -0.12247243987717004732
+0.17248960932481022246 +0.12212144982338835053
-0.07449549842750324835 +0.06377523047019673097
-0.18951626617435579636 -0.11480034986648496309
