-0.23540328507954505488 +0.33683107141220197667
-0.03763953632707139896 +0.23294951104459865610
+0.15056423606445829000 +0.28429012735809966461
-0.07496940201095059209 -0.13349714642709636925
+0.32927736429694204334 +0.13794500367840734079
+0.00890374355445167076 -0.25063405086737106098
-0.03540388269510003072 -0.46146291623443574936
-0.24858473908309208777 -0.11519202659116611898
-0.27708364218733028128 -0.35137580120711126019
+0.03708842365022158027 +0.02868756175407910503
-0.18989955397384811198 +0.06784446707821123468
-0.27972412569177113051 -0.15538275297342191150
+0.12127027814423663177 +0.16860442774744788252
+0.12266998629406405952 +0.21753055364075601918
-0.02961166624838257322 -0.33544102356342420101
-0.05964572768447157225 +0.13870294901325797010
-0.07721460770434357412 -0.14662591159028975918
+0.23435103289331180032 -0.13292661447965889443
+0.17130210058938116768 -0.14247244799659647407
+0.36515747385250113544 -0.18444478340028069852
+0.14857474371260911972 +0.17730609795380264382
+0.22869010797326883022 -0.03423179934846445893
+0.08277845851677775868 -0.28951936254582555375
+0.12440147476567546547 +0.16033961064604548841
-0.03687974865261548635 -0.10318951651486675536
-0.14172200371575857658 -0.16586720757900963452
+0.09869970174723514955 +0.25516080627448761708
+0.02798261545245342430 -0.19794004415446569967
+0.31093063571445378468 -0.00408871923585341079
-0.07411456201456054216 +0.20460755423365023509
+0.22189608715617342716 +0.26284138407698287576
+0.42579898099306962012 -0.22942333382828022925
-0.03101321767206538516 -0.19119630835158801796
+0.08249307378626780096 +0.22455331451062376935
+0.08146833868741482076 +0.09908077618114524698
+0.00779385138958077484 +0.06413712157545820025
+0.10966154197615163302 -0.20750291175732804572
+0.24641470273713289574 +0.07088632272556993907
-0.13086182046238115095 -0.29042033518282356352
-0.03044385022768997251 -0.08019354064846473396
+0.36528449157486458931 +0.09170993172713637342
-0.01615721481924403680 +0.37503692303333369118
+0.03696877469170667396 -0.18695665825568302809
+0.13698802346045046985 +0.06265197208756106972
-0.06406597426142252028 +0.23609063945435881937
-0.13915205894836302214 -0.44685365723686337747
+0.13200664883282720030 -0.01809792291884415594
+0.09909017741912273802 -0.04735741435003826272
+0.28255939438163008015 -0.16740113000418416211
-0.25604903049297567108 +0.11641084868680749709
+0.14031175301452381010 -0.23959667665521433566
-0.04818716497124229947 -0.20987889370485487972
+0.10205606897389393750 -0.18097138165409099031
-0.12972172114498434214 -0.03542293787454998955
-0.12734333270478023770 -0.18354495144352062086
-0.06405382068466261569 +0.28183130992234278756
+0.21838925693934993499 -0.13336378939239215691
+0.04609896062900042252 -0.11860425399181701023
-0.07265630688723478947 -0.03379886285282487912
-0.37848516023392475560 +0.20172102425574406359
-0.16822536037703411660 -0.20192256412756148798
+0.03532674959567219664 +0.06533173941429498699
-0.31509776470429978756 +0.05089458991253878462
-0.40596293538103400689 +0.21618673803974250425
+0.09067156079782506817 -0.07302782864110901606
+0.01180073433854589293 +0.34587730824863799350
+0.05354264237126121762 -0.27040670906320207756
+0.09077236887811002131 +0.20426381901359164095
+0.13087390354123984437 -0.29890304758994856726
-0.14702577203068006861 +0.24036526281089598545
+0.30399891853432819966 -0.05671671765547486865
+0.39190263218994392247 +0.08881860455691154010
-0.28602354272431179671 -0.21972425509004545052
-0.17937218342827321305 +0.37415663323081238545
+0.04614636167730856720 +0.00852547361251293490
+0.08595235831959552320 +0.08347637542426472601
-0.09131968753887548251 +0.09346736157257684585
-0.05040233326511928125 +0.04214579132928775174
+0.14220940843854529279 +0.43222948604555483376
-0.42274739840066716257 +0.15554454328868039248
+0.30187698213397057279 +0.29855147274034465887
-0.37118138053271093613 -0.05052267454682217440
+0.07832918373428129910 +0.05348290369564538682
-0.21654315279022368079 -0.00885393623045763190
-0.10916339671119362764 -0.05994152891912267467
-0.29678227675694446308 +0.02386950475249496884
-0.18483145090328853555 -0.21112982575204478075
+0.21671156453367959593 +0.08959257031456407949
+0.04290225766071478070 -0.06612331328825202248
+0.11014058003862088608 -0.04995240310551416624
+0.06750592016645715066 -0.51614993129724684451
+0.11991849412361164917 +0.02166762355700327380
+0.08964047716107920172 +0.11963925155512551701
-0.39692884121969512767 -0.01732944549303258586
-0.16016899178379986890 -0.05222030508798700121
-0.00772315818975071941 +0.15819682594858858193
+0.04111166020573048252 -0.03017114038353241323
+0.03662574613318964056 +0.12435426097903456988
+0.14411965253609659854 -0.05707860560842314968
-0.19094908165463386762 -0.21626605003398291505
+0.00581157485531397233 +0.32491772629819748452
-0.19818940336135448810 +0.31113366540350317901
+0.07528206456025865467 +0.12134779793514266499
-0.15994886904018101870 -0.06396741024254393171
+0.00278499077224286795 -0.35973103160532465816
+0.20340542626483454347 -0.23260220056891833806
+0.22320696356516073200 -0.24970189258868225046
-0.12608927558180671458 +0.09674440647722920561
+0.01552700896175546186 -0.03909233525176841750
+0.31329044643896480915 -0.14763683285514450638
-0.06296409314051815143 -0.17026686332033258431
-0.02970285992244547923 -0.27595665986877820908
+0.02583188563258537185 -0.22167789470346577207
+0.31598688477898367877 -0.20434465433574061644
+0.03417799786502779408 -0.01405943103603519290
+0.08583432894686102155 -0.35414809667895608136
-0.05848932124136932420 +0.28194581845754573823
+0.24300077978653766841 -0.09453570608028567801
-0.07772814804831779112 -0.42233487178955975150
+0.03880729881882518523 +0.00108605475231691832
+0.11493195028752165032 +0.14784414429540754243
+0.07291939169340209970 -0.03724359824696178017
+0.10796508005784470619 -0.23571870147206849810
+0.13074365372318547118 +0.10102065833421312868
+0.46781117646943892741 -0.15904210605892538100
+0.03469131212192991254 +0.23477401501923758631
-0.35978180233604861726 +0.13328790877106444501
+0.24612354887713069895 -0.00519302662443142660
-0.25757682266785669745 +0.23056185837745829526
+0.12048307262423363362 +0.03666423830349113677
-0.37825599423755729145 +0.18082809910406077991
-0.02379123198027377484 -0.28218936280256995408
-0.04190055664619524167 -0.36119228295508742921
+0.38865484519881166037 +0.12108568409233250174
-0.00878829624790866681 +0.08125266737800651562
-0.23910452870968174066 +0.32011691405322928450
-0.17169936428488924429 -0.12420903982949338396
+0.22857500553594251036 +0.28217056131564871579
+0.18015756398023058393 +0.18737241679418814577
+0.35322033300600919059 +0.02470497607161664666
+0.18127262017743372979 -0.10982864011988435760
-0.08597612175984853389 +0.25312694229802895629
-0.01138781568613206341 -0.02050754318404107712
-0.14123917342852249091 +0.14810689334390786387
-0.05499391505859757556 +0.23977115220083439207
+0.32001871356121414092 +0.05566721289606719331
-0.01421622674243164242 -0.30264669882722999850
+0.26359507595553322012 -0.36557133039897438120
-0.40448795896986083909 +0.21053883073686907590
-0.14702636541417615779 -0.20661345526261340466
-0.31943786524121464687 -0.05791043830700100259
-0.03526964104562112234 +0.12513143203614043864
-0.21469929493189360281 +0.32381099029309667880
+0.07597839753905981375 -0.25102083619654724789
-0.05092417329319437469 -0.16835901214419424221
+0.09780483645503296186 -0.03294258930357078785
-0.06664968494588180414 -0.31750651837568466540
-0.04977060453709759857 +0.03424001057249836943
+0.16451582201085096502 +0.06276236605048883532
-0.07557222612187612654 -0.02724921604501294448
+0.14413676687039933544 +0.15156989604427251184
-0.00922470749182258132 +0.13462508710636283960
+0.24162130986436303193 -0.03771340162739478252
-0.29804563918343623952 +0.27317650494072548417
-0.01045257291186940662 -0.06257512944659021636
-0.22214841212655483949 -0.05630885291076792587
-0.45250414474779093732 +0.28690761580996948510
-0.13000184848327778209 +0.24670081710209917913
+0.01367318558163005404 -0.27567281384370279085
+0.08273756681007155001 -0.37404587108808934337
+0.33855411497065729387 -0.32728780422702219433
-0.29979971627101764664 +0.05261634248784524681
+0.05667431619400409293 +0.02108019148886419725
-0.00201736683339304168 +0.15892658404058995769
-0.14903868441320594629 +0.05049886787883017814
+0.02530291445682275597 -0.04060847462537930941
-0.19365030985345277337 +0.16823690297882165634
-0.26928857302736297630 +0.22254017904515902004
+0.04025713613041870254 +0.23399628784871731590
+0.15646803287547586536 -0.01265573557777274760
-0.15786707448303580192 -0.22511761064212215677
+0.09464614150073988319 +0.30117156584274029640
-0.17958483391240523397 -0.11401470417956341419
+0.03493732412815035715 -0.19467855094713748532
-0.15246571299626035523 +0.04694311454425852820
-0.02123375660900898160 +0.27185809323217852151
-0.09256287069296935399 -0.03874678772355685807
-0.27399161804515687058 +0.36385555548547854343
+0.22308511071562434069 -0.13631512395342781918
+0.37645232790219035346 +0.23829408089517087332
+0.14820569548299342144 +0.18968186360090283360
-0.14649148843824449928 -0.16412388686560808182
+0.04334362673036951108 -0.22642086109686554440
+0.25054916275877903153 +0.41250323681240613771
+0.35615749407255997694 +0.11131177659489832621
+0.03328947953050914732 -0.03277078870124189303
-0.12094601628952911243 +0.43161090801033391573
-0.16171263492615345347 -0.06519390715466205632
+0.35115441401468194815 -0.25397350475016200466
-0.09931303401917862539 -0.05741240878775494272
+0.34329865924505970076 +0.25642966778481829371
-0.09607709250810175794 +0.15044641972675582009
-0.23299517697067084754 +0.14570726940170874997
-0.05035098827402467725 +0.15777659825499323887
-0.04832183003984530378 -0.20326685137199007603
-0.32783868950384226215 -0.34600273170681616897
-0.38443655806458648660 +0.23410681777806469084
-0.19606398391157969785 -0.42969344509618151440
+0.42200276733747965618 -0.01795970929951529182
-0.19006477601540072708 +0.11568419361738882523
-0.00278131900907306606 +0.26635607001003880345
-0.16395654075819932061 +0.44419999144810246028
-0.07113139629452375212 +0.08997606589862502946
+0.24314227536143342978 +0.09903131733805203840
-0.11182695290884500650 +0.00736615266384953171
-0.35720596676693200378 -0.09544056189580779614
+0.00956349276162351235 +0.00197459951587456144
+0.02732847127175349472 +0.12963275687915576384
+0.23597723775931775392 +0.18954461922321949596
-0.30272576792496413978 -0.23688217110712603275
+0.18924448621518399904 +0.26501370866393408887
+0.04591190736221409385 +0.01937247882975386137
+0.09277065091805641872 -0.22094991104867051090
+0.00138788144313170894 +0.05979454645470957952
+0.11771717213009391667 +0.11200690520043965481
-0.04645027325335221446 -0.26084423237712262011
+0.05737755548694106755 +0.03976983085008067853
-0.24130125120822049078 -0.14676971587220677407
-0.23122224125456142252 -0.32730336647439589592
-0.30750747045125553791 +0.02578231860474083925
-0.31442620086808614754 -0.10475325461300399876
-0.20647074559952549588 -0.30363811275425700575
+0.13881207072729545571 +0.19219656945552288096
+0.33577107509167741783 -0.33077297851263415263
-0.27696815604220609286 -0.04580798338549924020
-0.02113774699857562389 +0.26910573819519684191
+0.40088136759266579379 +0.24195691751595305163
-0.20055023945188804602 +0.19803509494818150038
-0.20847610847979142212 -0.00799902781927713802
-0.31488064772424795290 +0.10435804553784377990
+0.20893703199266555615 -0.27843019032011462333
+0.33216796133255438450 -0.26419598288252466034
-0.05003806529563975536 -0.38090262156224119483
-0.16366536784253965520 -0.19223430718627540492
-0.22768220699286978448 +0.00108462008026882772
+0.21648112314543169199 +0.23249124300754436812
+0.28489263429567318608 +0.18739496132012184448
+0.07197188367794167541 +0.24008731051413176316
-0.00332093629842088135 +0.30594316968622431441
-0.01186172729110387611 -0.01591609851737544462
-0.12252245230070277215 -0.16541944877253431101
-0.13206958753149902752 -0.47936424619024731175
-0.06080893137873570609 -0.01408808550475784682
+0.07950584870453716868 +0.25999312778853339578
-0.19338024263182668205 +0.37199688499619859572
+0.12945650055970864267 -0.14340706052216795063
-0.07680713785133957971 +0.03417183618991992411
+0.36475274987249695080 -0.00028911723671115608
-0.23680930218881407479 +0.14696983561333465396
+0.23902373331082577002 +0.07754894248517818500
+0.07790908031588095195 +0.27774515095873641979
-0.09209766079306330733 -0.22891457060948877666
+0.23049489302303072247 +0.20825434180361762637
+0.02981076119420750237 -0.36136310470639243508
-0.19952170789933237893 -0.01974582191150769939
-0.36377554750867668876 +0.13489721960923733990
+0.13327070604389279485 -0.07208046813745211390
-0.17166495523017955005 +0.13467391106402837320
+0.09383649297139512457 +0.00241779088805005316
-0.14039633165911458157 +0.02938475470636325859
+0.10442149603540579195 -0.41172490838378428268
-0.07667165684119719993 -0.16820245912431230906
-0.13273555660813224355 +0.03777051125887875838
-0.00459678668898261256 +0.25123341174780766671
+0.04351568220149959476 +0.22133799195141151683
-0.27445020748334614247 +0.05491223784818830000
-0.15775574533484143513 +0.29379915455078875475
+0.17996161387113016050 -0.09038292180631804507
-0.31799999925282540492 +0.07364187519925038949
-0.06399022822506873764 -0.09301898785270201753
-0.31630131680111461812 -0.12461532978533475247
+0.18899360604347004156 +0.06085263685049911719
-0.28146872465010014386 +0.24680313171471562894
+0.11159488025390539023 -0.08941572312011487889
+0.06773460935657180104 +0.40341582881926391080
+0.28545518689764370901 -0.17151896321865955919
-0.34680266061713882486 -0.14277567198083906952
-0.05854684348267751720 +0.11895952620512958986
+0.32764988527842975330 -0.10528482756227885986
-0.30183610122695192501 -0.27886565090130766009
-0.19196113911184953249 -0.02819113425859992583
-0.28029588086552131854 -0.02963479482414316246
-0.02652257830881848966 -0.10227429862454867626
-0.15371427255343367291 +0.02813580283669120385
+0.17327822557094518796 +0.23276554747084637897
-0.05314338342800883908 -0.00225613629177828789
-0.03956835440774436607 -0.21005143630095723939
-0.06309308605957830718 +0.00057276145275991786
+0.09739383058706996277 +0.04891846363158897093
+0.48183308098528454533 -0.33170533334901658451
-0.33961169913314548374 +0.22382269789590414355
+0.04789128850450719010 -0.05104738571338329756
-0.08026036954259546663 +0.07315935295578079867
-0.34346628251470495696 -0.10048315706143051695
-0.13497275614387282960 -0.06944782297480467381
-0.07510163984819240302 -0.11710332531728882832
+0.14062611186200030255 +0.43721417814121538159
+0.01211367603547283678 -0.09411497024051795890
-0.12212350880961252153 +0.15753950210683048683
+0.01170595829213558203 +0.15324830379174966821
-0.21850108107099641686 +0.20461554973702317239
-0.38958093577805602559 -0.48651299173131301590
-0.12215531082975736310 -0.14242013766901770455
-0.25494872095129783585 +0.12164668187888583173
+0.33719961976818207949 +0.21800294182041329849
+0.10868712096630493702 -0.07773261028487363222
+0.14760492207151512667 +0.04737390494592309820
+0.07382934200307070260 +0.12272809076691471031
-0.34448976624185911888 -0.24730047273292718457
+0.01286504127586389490 -0.33504138043121389767
-0.34977760370066329765 +0.19364640428141177697
+0.17641999275707620498 +0.20937896209312256701
+0.39709285659305315619 +0.05537871632927215959
+0.05604677668364749232 +0.11284062356524038329
+0.00194088006445264361 +0.16936378108964600386
-0.10340725190329463912 -0.12829563590808162887
-0.33472041106748079420 +0.30427479897778597628
-0.04851426833125671578 +0.10275986795999686452
+0.05657339662176530393 -0.31296070594767871897
+0.21444363430987151142 +0.24299209611457495139
-0.09046448740832335744 -0.10157666189457709160
+0.48150956701044095309 -0.10713803769328350546
-0.29002175284662606858 +0.06433601072107886232
-0.24970642656678115889 -0.22231782290713136829
+0.17278959282139011444 +0.06458636632341657746
+0.00875967984033715341 -0.31983019418850516802
+0.08771893217569431966 -0.14721325459200795827
-0.03021254791122750943 -0.26971973396553217128
+0.12010383873258956289 +0.33092494912631159609
-0.24269679584458547783 +0.20716595713413218927
+0.45656189655887657874 -0.16159488871468863369
-0.27454485230871339407 +0.05343405598454180339
+0.07520717488913386539 +0.20056781622756197914
-0.32579086314549615677 -0.06227356284290882366
-0.00083430931792868532 +0.16785085563935764341
+0.00037857105118723269 +0.15854203190200213958
+0.39023964583617454238 +0.08559765522847581631
-0.31820516298172996095 +0.20526916718536958317
-0.29957312259036644742 +0.28676481575129275647
+0.03037529856623380486 +0.31596604828701313483
+0.02578234837950270364 +0.12987043048687418878
-0.49355645808371451100 +0.05499520186563387758
-0.03261656606899587807 +0.15488032449317501449
+0.04772394875178614937 -0.19466162923549212849
+0.05053972305976034418 -0.05449324308997838262
+0.01067108606003552840 +0.06488807772119031814
+0.17875726749400094873 -0.10601018134635181722
-0.24780714106247719863 +0.15848320304190255392
-0.14720213109351570901 +0.22664609210344455192
-0.21318138488014387599 -0.11917661677470819948
-0.16122281116697090297 +0.02548174628068622383
+0.34979378289989648820 +0.13787797893194153609
-0.05705188010836104162 +0.31546301978698537694
+0.10158002272121485765 -0.26310871012954489823
+0.16163816896359955999 -0.03789846916421935052
+0.14508903259978678246 +0.42535481347059861390
+0.08826758636077763898 -0.17437131563446217619
+0.04240475901916634927 -0.40764133809961655697
-0.39391154339357292713 -0.18922650470272706080
-0.18658484175074066536 +0.18822453126259022782
-0.08146387317555270347 +0.40310943998562442925
-0.06201915156289941611 +0.48462570692396877980
+0.07050401561115679505 +0.33043769687927149192
-0.04099284233445899678 -0.14264349201658763078
+0.24479955751786020013 -0.02936116222016915689
-0.17863803716565512802 +0.05943330197120049591
+0.41894953827087794140 -0.13591358987455276486
-0.14399309972124010870 +0.04741574062710110504
+0.08872246757538658490 +0.26864272522527476994
-0.07676118219455146940 +0.12023657925795974699
-0.09858030642912303521 -0.08461477994773357325
+0.11275412586967913098 +0.15155175438159776413
-0.41837059046070346202 -0.01221874391317129271
+0.07207201480209260436 +0.03959300654206143744
-0.10227870371853886589 -0.06172182098680706330
+0.11373891510658001858 +0.09285690144023267534
-0.03647302153791914803 -0.26895695650881962235
+0.06400232500395752755 +0.18437026487185304013
-0.24278146627985452977 +0.01553730913283279946
+0.17775353270792076943 +0.18601093561044346192
+0.35387551571137709772 +0.16360982277891666925
-0.05263521557511607885 -0.27187350092616568986
-0.23008688345331862468 -0.23703928686269498671
+0.10163758760004354409 +0.29330746387160483435
+0.15367774568971170890 -0.16014424151753048342
-0.12778310565384509712 +0.05110681234389141681
-0.34438930846495696692 -0.00859301667919221135
+0.11055026703335113503 -0.33111316604594626112
+0.34881150077729156100 -0.02534010080786175401
-0.16054612168829512919 +0.12542106738071501226
+0.10191171995058445621 +0.00174891227013612705
-0.10406243106067501747 +0.25904191316952313029
+0.30428329321702390908 -0.17628014681997061786
+0.34286959608591660587 +0.10917722542803935670
-0.06631047747872453879 -0.03286635987769508105
+0.13094332183644297185 -0.09230819232467318836
+0.22751624151452964906 +0.06406165845201075570
+0.10414816153314121472 -0.19570968268003691160
+0.00708448131202980575 +0.12872847758808669827
+0.23698016730544116393 +0.16879329813737092847
+0.02680948005693963021 +0.27675123870234885626
+0.23051516776049732482 +0.27156065281412411494
-0.01363103741100227251 +0.09862976563063023672
-0.14685447159722797572 -0.20730978622147844259
-0.12571649972961981834 -0.06174492639309728248
-0.07192213584924045389 -0.23225462219743225889
-0.22287096410644613442 -0.03252158106413954863
-0.06423557010872382733 +0.07046759144830522237
+0.33233669134244686605 -0.02157969173003776442
+0.11158940493809227368 +0.08037691715473782583
+0.10322377876312932576 +0.21579504710193697647
+0.11815741580135658007 +0.23744251683501299555
+0.15666508245079063810 +0.12064339141970431557
-0.32856708253388960950 +0.10592274664737599821
-0.09029461696664675685 -0.04120414322260024242
-0.21993739202124035215 +0.09489266001400559203
+0.06209082670855281538 -0.40545409187748843172
+0.38099939415971262324 +0.09120702882436776404
+0.02874683221036644643 -0.04615636082853025179
+0.18724379417117831270 -0.12940260853628143822
-0.06728152796369529787 +0.13208057802379385981
-0.00630731110125876127 -0.04904850674114136222
-0.19777597079928743717 +0.45439610860297058315
+0.18562602365337416144 +0.15484772787353875967
+0.15901589753270936600 +0.35822261820147827116
-0.01765779416194315776 +0.40237601110123832893
+0.10721758067612605081 -0.27463742333900559300
-0.28565764719951164397 +0.06254366405131300821
-0.25131542897938485837 -0.23258131692615852115
-0.34137351434070178913 -0.13769982983087186712
+0.36325180544607599264 -0.23763849282605647995
+0.11450664099161124432 +0.17184679910237848910
-0.01006654318253714236 -0.07277062646940013479
-0.12065457151152403359 +0.13793919163822665475
+0.05373619099738066729 -0.33159746325456274096
+0.04431985217393771825 +0.39816939505092974194
-0.05127051506631105648 -0.12938555915522748085
-0.21505926215616094632 +0.11995754013411905059
-0.01724852871586080028 -0.23476936011548749095
+0.03565855430307229845 -0.15381275741445338268
-0.16534765083928143481 -0.24203512212961864059
-0.39760837730893378028 -0.27426805099811918387
-0.22133177268417297823 +0.04822820720591886046
+0.34989328496217275699 +0.02393396622984506061
-0.01091743602507855293 -0.18916711716744860627
-0.20511840121137764337 -0.29583404492178982936
-0.22699015633356939281 -0.02410483421472503496
-0.19441225148654894817 -0.13077022814594568834
-0.03960197697721129506 +0.26340511963055873723
-0.18661031349020712478 -0.11041862887305420315
+0.07155412928385668225 +0.13731998690769997573
-0.30839246858554408837 +0.00880932796806976892
+0.01874053290771493518 -0.05292014846266457351
+0.43339149306405094775 -0.19141303544785098767
+0.15584706146179294617 +0.19833854409109225037
+0.30565076540686941797 +0.05384300979306177320
-0.06328582509577138082 +0.23667046009265096940
-0.03770800528007148267 -0.09310256383206814979
-0.01883768076601195773 -0.13291707469833996536
+0.17141558959950359275 +0.23844501339834017761
-0.34723918216312255058 +0.35500155057798749025
-0.09822809836536759709 -0.01911502794982204018
-0.24182290254839586274 +0.01925443471322506317
+0.15753610442447932294 -0.07109805765852270087
-0.01058917505926258718 -0.22223813015544180427
-0.02375846801659148300 -0.31058263455670365172
-0.22760848245403075829 -0.08161651024103278029
-0.27587084022918040294 +0.13545318514277460142
-0.21660273047670366986 -0.34264222309757891294
-0.10956931548158742318 +0.23109768689527124264
+0.09735899168910400192 -0.11310726063064319158
-0.06239143453568862796 -0.33302475029836298148
-0.25585859186375564667 -0.36141604742831934249
+0.42982576191657351217 +0.02049900492278350361
-0.15003205195825342066 +0.03721793715902516064
+0.37998697938130615581 -0.01368852199417125437
+0.35525760397825362213 +0.04454578089592814427
-0.17425621037789051915 -0.05382671237022684796
-0.20798680511940625948 -0.24255584824637493879
-0.16373291827694336220 -0.24780339228213704716
-0.12728346363672521369 -0.32875450036624909167
-0.20496786033860137088 -0.14159540951618382332
+0.00012213220339740705 -0.28895101075440204896
+0.06532906808577260138 -0.06223856040682723689
-0.09828995004008012071 +0.03667208372305608144
-0.32696231643971079839 +0.20801934012067918589
-0.19461794467124182706 +0.32111867157393286787
-0.26500104917820094252 -0.01131381522322751770
+0.24588592248430757303 +0.04488589714105407913
+0.24222762068340975006 +0.28113365436102849548
+0.17348219178889462411 +0.17713593829291546244
+0.20556073523220774746 -0.00481423927442230226
-0.03589217395526293763 -0.07159724720872287507
+0.19940657615778456524 +0.25795499578015346209
-0.15519818317419981080 -0.09807436023013459125
+0.15729431096900226006 +0.25135857732491784233
-0.10085189613814568577 -0.13501273149782416771
+0.09870010562400546861 -0.02649996141145211440
+0.32185015565070546062 +0.09742422833384811742
-0.19596108132799955337 +0.23080696512578255386
+0.01928722886909939316 -0.40132301795536157174
+0.12240556138704816735 +0.07748865328069015623
-0.29538943773165976525 +0.21277659999573472760
-0.05210448048936772159 +0.25838077278606896847
-0.19463977817165112327 -0.16830304105507892798
+0.06216621305614883353 +0.02328861932208969865
-0.22265694212543118979 +0.01960469368419220926
-0.06367352935083592236 -0.36046041339715761964
-0.02826429544364433832 +0.07701997395234011501
-0.17542149239515575365 +0.26939410690272025395
+0.00110030645189163057 -0.12188238888036229124
+0.38693447479340298267 +0.10712472097124559056
+0.14152483438115048830 -0.05744261843951575797
-0.27624473736841193006 -0.27165874913726784090
-0.36149347245091956182 -0.31881807365738118465
-0.28497600488463303847 +0.19004087018659648889
+0.31090179685801505594 +0.08959827845457690731
-0.37786782340758673371 +0.27770834086786039263
-0.02671827619601058190 +0.05405061609201822215
-0.15060285600098310965 +0.24118838875773440655
+0.28496690750322956065 +0.00154182410543340920
-0.17089947377427830433 +0.42792956978423235537
-0.34755158831492932725 -0.22010676184793806498
+0.10650888233288571816 -0.32102586570986407777
+0.42924133715075829532 -0.21632408977128128602
-0.03380544092864076755 +0.01056690885905811443
-0.32281035503855104452 -0.10470134527753947873
-0.04944887958051296523 +0.06824597948911895196
-0.17639350645020385189 +0.34799236934524729881
+0.06240412825791279150 -0.06585215347305521660
-0.08994720163107283728 +0.14387126858314069899
-0.30163978388069279113 +0.09605537097248569023
-0.04688431804878415154 -0.22465879739039704144
-0.08133909528865811145 -0.16317792711057038657
-0.01335948259495750579 -0.22466855740991131807
+0.20638982585132642500 -0.46419549502193102608
-0.14924906933444337387 -0.11056825140095671856
+0.13880859207325185745 +0.42603423376237076203
-0.18355428284426972274 +0.11490067250177193880
+0.20716808049998042263 -0.16937791321499751085
+0.03723776310516069277 +0.24598823693520288636
-0.20822797756850747186 -0.05308568332455793071
+0.36748874838431833112 +0.42716412790727953386
+0.15634921532036688552 -0.13028080813913628377
-0.19278220071874091479 -0.05563781651578170173
+0.07779432433856697804 -0.45212524228322070741
+0.40471934493430672397 +0.18430541975519254549
-0.10968932542725934320 +0.28140558039989649330
+0.23328628744104756843 -0.19206391989256910158
+0.02670248137181902015 -0.09453180014423384625
+0.25816818947730896250 +0.05730516469324709039
-0.14569004403308594142 +0.03483258437206365049
+0.17555939520415145272 -0.18807703418887466995
-0.11610274012142547673 +0.15583534802905030237
-0.04058841479077301279 -0.13969366456051027225
-0.08395172354956745298 +0.22346265083835775700
+0.00974353245180033245 -0.23147171944212768802
-0.04975607653345097414 +0.00299801491375330589
-0.00518251592949228995 +0.06288156138117294292
+0.05665664117418818535 -0.17301057396087077267
-0.13599909645121580071 -0.06298279676387652515
-0.09898062676614442779 -0.07313322337993108380
-0.01220959475282913653 -0.08527252569750624900
-0.31287671939249150910 +0.00133827931440314019
-0.27904731515507980033 +0.19732783282482671550
+0.17555469173586926712 +0.42184876136509907862
+0.05785178243084282412 +0.21179546317972786085
+0.08754867331317939261 -0.03683887203842917124
+0.21440787102930780605 -0.42461257456356171769
-0.42075373403372334780 +0.02541899328836016991
-0.04671868358491065853 -0.29940630165451043165
+0.23340689731853725419 -0.06135795929045273489
+0.36625999019001809209 +0.34488963760041485562
+0.07154330378086193321 -0.11032646820724589798
-0.05041792035676379014 +0.28022567147057764192
+0.30801937620802727347 -0.03502747376277504099
-0.19476303200679762062 -0.03919375147560305583
+0.06582436354480158958 +0.26455525963157716651
+0.35582451843224061072 +0.39345263964685900371
+0.12767815569721352453 +0.17579538676055167512
-0.18090544908061634288 -0.03125630056499512088
-0.24400559156712953168 -0.30820478200499440424
+0.31955241220482272224 -0.11315699529516420885
+0.00836046464336544226 -0.14044896193469647017
-0.14390075131110943718 -0.00713886074950398353
-0.15295793943702959417 -0.20895956195426362845
-0.32175503884290568291 +0.13867469826560285817
+0.00318288827324864076 +0.27825901767033173195
+0.15541540933405784131 +0.01919838048192902547
-0.08700950803090218288 +0.27178913041281377305
-0.06679655735669917660 -0.44409473290362766473
+0.31796687237937759640 +0.04188943202765090662
+0.35572771502207412020 +0.01466932873015014405
+0.02680901071399502400 +0.43780905911414869092
-0.00736044629369669856 -0.06232932100969350298
+0.05838431325984509701 +0.22114551890511591203
-0.04500829354520829995 +0.31845254596440442096
-0.03480168693607701980 -0.09059604252985704875
+0.03163386651826599616 -0.14935820167919755530
+0.07771612484216428030 -0.25724153644118830098
+0.18640523414247994749 -0.04661766629245128746
+0.16788472062186415856 -0.03395186067635158622
-0.32619273234370849135 +0.02875394027254835061
-0.27331907690234935604 -0.11698668664665767825
-0.05269058959977468426 +0.14489979905369476665
+0.03583433137399910651 -0.07759082487867385858
+0.22295757423632539540 +0.01754900885517091114
-0.04038873707323098472 -0.17239601238720553278
+0.02969665449073727315 +0.02602399813335515288
-0.27516109181534770256 -0.11176137086724935443
-0.09196392218333909740 -0.19351752905326585763
-0.04246138922854159059 -0.32328676723809457449
-0.17980871790594843418 +0.06252141944933387041
+0.05404963229675036063 -0.09298074420729229850
-0.14747265973122186677 -0.04440715242329096313
+0.19006614644484315368 -0.22372154484883674530
-0.01640087043947660583 +0.47789671958265944607
-0.09656846975375554809 -0.13230875436706623915
+0.13188569351695078602 +0.22270277350608330691
+0.32969704906537367073 +0.05430601788249143913
-0.23016520370493045999 +0.29073508465975922421
+0.34295014158935899218 -0.05662478655301064756
-0.21731564454538174203 +0.05593489012469046034
-0.17151485669651633792 +0.42840726203919676784
-0.35250174969606434816 -0.32748456357691818619
-0.19203329984035538702 +0.02045737862949865982
-0.16567187954696480090 +0.05591317870807511331
+0.35299695298296995816 +0.14078894200184235985
-0.05605415554446620957 -0.03535709404634955477
-0.03389587230282289226 +0.01019772382825756378
-0.03984109488688708511 +0.04997509452967324739
+0.00202469234482810512 -0.10145691470876133655
-0.16526009257122759033 +0.06854570750847799321
+0.10490162214504883398 -0.05555056451760653768
+0.13999811360313252351 +0.05484049368523313817
-0.34501296157295924250 -0.24360500960036518547
+0.23771905977933965870 +0.37891033048298961017
-0.01383037514220969433 -0.15919939404924821069
+0.04007055183138313881 +0.28465775188354924818
+0.08968990207480592725 +0.29479613254295933267
+0.01833659980459634298 -0.31223130643043522925
+0.01181418125140332176 -0.10042934496854094562
-0.18535119099294589118 -0.34251660576388254231
-0.27015277924505565199 -0.20309048279885677513
-0.20977852979322347826 -0.04606661295198122286
-0.04080838441659240257 -0.28217855681918035948
+0.21896135262228838547 -0.28060021694039044560
+0.04570979885126871117 -0.20998558097694888791
-0.02542210059893863089 +0.17203971228947834149
-0.16575618378485082460 +0.12568719715512327584
+0.06519671960921111231 +0.26884000070022096018
-0.05219043109064383512 -0.03734608979601016648
-0.11375174526397156816 +0.00205528685355048368
-0.31598315450818903471 +0.32928113658462809799
+0.16864407989850119240 -0.15162285784907519881
+0.06909091524613279744 +0.28127838946973021672
+0.00395152766041893550 +0.02716411005508760981
+0.16652309248622371163 -0.32207885865056390395
-0.03731970399952892065 +0.07354963669708915186
+0.18213223296273978180 +0.13775849647170293477
-0.25099785091837867324 -0.09551871669561536049
-0.12500579962567520687 -0.04366201068177696931
-0.09164664102973374415 -0.25580728145647718685
-0.18743797662818167948 +0.42357204788034119591
-0.12918936403218211906 +0.14458733039469567894
+0.08425584652390377682 +0.23991095775096299425
+0.05460493789137976783 +0.37036340247968702055
-0.23436894987854317574 -0.00954153073466684765
-0.05591185306496837537 +0.05804820551704542586
+0.09449378929333068777 +0.15952401680428690556
+0.14680771948677695526 -0.08859188321796662713
-0.23117916288205486719 +0.04773287996710517955
+0.00454518001234655022 +0.07657263202770314692
+0.07451695705566951933 +0.23621561694710707657
+0.09568319651501588918 -0.13300976244928852665
-0.12138295448001129584 -0.02331090907777771948
+0.16638160208842334153 +0.32174296393214851797
+0.22847010065065065376 +0.04892581951278546226
-0.10149441075145193558 +0.08867954167491504114
+0.17458253298456480329 +0.03654989528547792493
+0.07363326500324582358 -0.16659093731833612972
+0.40912102123986537894 +0.00638942657388777424
-0.01563922364019361411 +0.19219252960059282631
-0.13591542170199236161 -0.36595288353509969337
+0.02509712481659106403 -0.06851692972367183498
+0.21897105674613823179 +0.09952215791113851184
-0.14487628017309958639 -0.23451270613404590071
+0.37722657295574307801 -0.27259687462227316646
+0.19715974696503899000 -0.00558427669853413244
-0.00635165533567521451 -0.13407502599742451843
-0.19538428112478706256 +0.13052715230993805484
-0.06445189329721130733 -0.25562010447239230659
-0.11416436429117354789 -0.22193437144588271104
-0.28328724857229381495 +0.34178703336167559623
+0.07694179471329087860 +0.29506264992490710553
+0.00284035149629791039 +0.10086975689097998909
-0.19631586160217273651 +0.39968501225770669549
-0.28253178699505987481 +0.07039722134381448670
+0.36439760814352689655 -0.03041021247199054978
-0.33237866043799313420 -0.00764753068711254702
-0.18501694717066130558 +0.26769354293972169589
+0.06381188504139845286 -0.14032350876838700637
-0.02349892721031238141 -0.15552372484484616733
+0.05774996748741850761 -0.14374396322775379042
-0.02474437496566783690 +0.10310832347325843417
-0.03218094578617114454 -0.08884308552175540497
-0.24976098556325332378 +0.06921260403117951432
+0.15606881932845834138 +0.05056335287638025200
+0.36748326072744713633 -0.21968814567014816053
-0.03142959156391073039 +0.23451145662421696292
-0.26278901081411132346 +0.06672730928006037621
-0.34321428595236513903 -0.10612774213537944090
-0.24887427603005496390 +0.01518301953575662555
-0.16335907022076340267 -0.18686848386191010074
+0.07885217320909672367 +0.08934845989455096615
+0.33248072943550383007 +0.25184835155958473774
-0.27542532479979742188 +0.15836541315018801135
+0.23426601143546507688 -0.35690569899164614753
-0.02368590905815750464 -0.33508493722954191263
+0.01574933898787911346 -0.35262845409238241512
+0.17547157443126448761 -0.25934445814260465024
+0.06275789057272838922 +0.09373422782686505195
+0.32806877453178689974 +0.02146973425814077685
+0.46009028371123283918 -0.07337244001139045513
-0.02256924169984617090 -0.12718957317040846533
-0.47620054731360822453 +0.10625646441883992988
+0.17512483039357862324 +0.14257177001343473988
+0.11574828497580319508 +0.01122637390197739338
+0.11363849310453544295 -0.03471889439494463270
-0.02119869666401619224 +0.21693347262838624800
-0.12607773745306910529 -0.18891908275040075749
-0.37530730575968551666 -0.17354859920561144238
+0.05308199704953403542 -0.20333060729846602621
+0.24114824240237175967 +0.17265471677614829815
+0.02360445942980360368 +0.06867680768586814644
+0.02911093376681916922 +0.20874942600917939517
-0.02191771145048310165 -0.09276345231435589866
-0.09787739634402553568 +0.10354170193017930846
-0.31048505733188447309 +0.08380932266929003172
+0.12479606516149915896 +0.13760193723012165146
+0.20979870259531330223 +0.06825858090891767649
+0.22248663855921824162 +0.04872653255373204928
+0.27627170990618488133 +0.29712019454702115473
+0.33432887138669553639 +0.06328391547316741805
-0.21512182479280833602 +0.20675601895904532901
-0.29056463226914930331 +0.16668008332958536566
-0.17545049018839800614 +0.20843818588609785980
-0.05429137280843164548 +0.06361527673009324813
-0.28128221303679185050 +0.11815560878960509883
-0.34355590955937681530 +0.16745977220498467486
+0.03198030802300941278 -0.06417229418550662867
-0.22317073676815335492 -0.33464942584645557266
+0.16462882973912423834 +0.35650105681105692668
-0.12258550509352805769 +0.46221114886631770036
+0.07685125570914110027 -0.20561511896595280335
+0.08563624481626251617 -0.06453721073918788909
-0.18210970105724755275 +0.23668689435473694305
+0.04583944322736999838 -0.27658371034765250052
-0.00133345064271589431 -0.08223834368168353448
-0.39093436202351211639 -0.16129217708858917257
-0.19415167311650599613 +0.28822011572945810398
-0.16055526252878321580 -0.23966525995763787726
-0.10223704407248396242 +0.44162347867397572232
-0.10957656786768898982 -0.08465936888893316192
-0.22224751823798882810 -0.17168785158195049023
-0.10443607539176075205 +0.16671121917776543508
-0.15520505602078321639 -0.09529959343095684154
-0.37707857752437723420 -0.01884421161338839523
-0.06298905060159976088 -0.02301901015905277736
+0.02623195392720634178 -0.41817253518845415305
-0.06393413071577347395 +0.05029284054462718201
-0.04403399464842133737 +0.09803634196046151494
-0.18512416453651603376 -0.39899504048721129434
-0.05268270801029167894 +0.40582309842165725788
-0.23302967998845275366 -0.00564569340202208947
-0.04542745201221394524 +0.16307097069536080625
+0.04742656490768736022 -0.20204751533674020214
+0.13150884543830571038 -0.23762898529844772577
+0.26763056706695570464 -0.22223574881610047571
-0.14787704013872435271 -0.33500188786962675769
-0.11898886730000733658 -0.28885834982771307899
+0.16289512700852540328 +0.07229777974675687113
+0.23721379008180792924 +0.21872440438934095952
+0.38420422216461586062 +0.00705880328445385175
-0.22034908942314240798 +0.42904228370524166714
-0.05956253367611619165 -0.09339053985283257697
-0.43650208069183837889 -0.17539118226152991542
+0.54285224748566307529 -0.11913336284163333900
-0.19294153722870882595 -0.01654583862346321876
+0.39728413213109031732 +0.09321261530580504662
-0.08090408067214066579 -0.03388610477681930355
+0.08031349596472436847 -0.25968245665273365086
-0.02542210025889457548 -0.05819074136173563172
-0.29537132015194605961 +0.11262637269208197743
-0.24672896928129484095 -0.05733744349028768728
+0.02805579258924217889 -0.26252398653545983009
-0.20915878542140547980 -0.10154389337257602177
+0.00039907330398436525 -0.24563465928132455218
+0.15931183996212694431 +0.29032948984349971067
+0.05251890593559555009 -0.39044388995293372036
+0.08743516055190886371 +0.18297441819675408503
-0.03139802405145086794 +0.09865232786617877947
+0.22877542109648174584 -0.17780037078267418860
+0.47729241650544040887 -0.16533825574104271672
+0.12061393129815251024 -0.02790274639368345300
+0.14841698484220405829 +0.07177506249107140635
+0.36982167126837844906 +0.46196777279288203655
+0.14056246142046108227 -0.17267863205576153285
+0.08655057379304346987 -0.37000040055266647521
-0.21398666767388779819 -0.20609387982039362175
+0.22884088136524133317 -0.06580992751790698536
-0.04869134203355134083 -0.26572369307923426884
-0.39144636118679676517 +0.01081735090576671499
-0.27193354004845787797 +0.12208216771675797774
+0.12012372882051501610 +0.23727516430594128294
+0.03996647649119063062 -0.34720511785260677051
-0.19092249053757059940 +0.27757965187434935350
-0.42840635897200629589 -0.08105443791863539693
+0.07737077737545412781 -0.02459726154001030604
+0.03549877661337146051 -0.07920865583067229765
+0.44024886314566968881 -0.15620569838457196155
-0.17611122219846622738 +0.33655702516985347428
+0.18744661111350408023 +0.13702000681217779698
+0.40024243282112031972 -0.08661986987177128228
-0.27394746598652797154 +0.19698661594595234803
-0.16687740503456471863 -0.08889587274481564050
-0.26954856107785252206 -0.01760658815646670705
-0.15792405416856525324 +0.02461094060723723054
+0.16002344014068714539 -0.04481022104073634216
+0.08174019664611631431 +0.24553051821265176047
+0.04605153317952292991 -0.23961121537480850607
-0.20797691269630491639 +0.11965873527307718804
-0.24239014874266756605 +0.24007815283371186643
-0.07008318830385829035 -0.28024278681912834221
+0.03447181887466949091 +0.06672587308975536091
+0.19597714521167375334 +0.00619731275114415725
+0.21024429182229326107 -0.06312929090122021414
+0.29055185516180614957 +0.36401600523950178312
+0.15557322968918424477 -0.25697985124360206433
+0.11240973367653875337 +0.27139267119458959643
-0.12336359368208534015 -0.13999921910225901489
+0.00788314420578488731 +0.06306885423828872961
-0.32529244566863257937 -0.07067040503903554427
+0.21242940582073824296 +0.47618543526172341096
-0.17486380937251289058 +0.25286579041325618622
+0.22742415370599669555 -0.30926633930280844620
+0.21005018605538358645 +0.31825507089831256424
+0.31035055841379483033 +0.16753835356740409690
+0.16148951824087359741 -0.22604200304941141075
+0.24680179172251029418 +0.33700544888889705231
+0.09058494631285810006 +0.51302626852010835279
-0.01942837052198870262 -0.35591582932274418161
-0.11278342683372184763 +0.05153422251935533410
+0.21661616872157579694 -0.08419943527074755241
-0.07692441333816291138 -0.15806164918584098000
+0.13133030337099710350 -0.15277939885729469038
-0.04919597642434098139 -0.04500691510308235666
+0.36447025312732761471 -0.02934041494201022893
-0.18191623041533422356 -0.00055249236825549719
+0.30729972887127554593 +0.00577630353022740017
+0.15213245737450348249 +0.34801128087116978138
-0.10471078724734222964 +0.05271403296007154404
-0.25821758200163125174 -0.07973832855222851013
+0.20677430581908412544 -0.06242567705993395943
+0.21299328260410621549 -0.25542522285537655469
+0.38880555156233781444 -0.34360060379497686656
+0.10049354257412212998 +0.07332512645174976695
-0.13222399815436669535 +0.00561242624326374617
+0.08655627283629552249 -0.03510509966749575383
+0.25454581477966709002 -0.11285009366923287599
+0.16695518885341964488 -0.12788244636410972532
+0.29554598971733869739 -0.40027668328421855959
+0.52453048127594037453 +0.16626280348564934086
+0.01823533776502402060 +0.26029757694935018453
+0.43571699829553239836 +0.05084587657787711934
-0.20000095068220108407 +0.06051797833320814168
-0.15920907601992290159 +0.20179718915462194206
+0.04004600604513509216 +0.19964749057759495487
-0.25779937957747101063 -0.12761124990050834449
+0.43623506618608476337 +0.12008547633042811198
-0.14679670942556277691 +0.19212567766751792453
-0.14661217294667000521 +0.02424384653409895202
-0.14359093981304887899 -0.21783718808055935190
-0.10584970119832926017 -0.06858062766859683579
+0.28425499356502659243 -0.37439882156572457106
+0.25569736727139885657 -0.18832704101662950391
-0.25558731455592015314 +0.14996764613607993510
+0.19363329969384773799 +0.08691153845708121661
+0.26773789365905348303 -0.11280556675902991826
-0.02688877197484995651 -0.10806960530528375575
-0.25231055632819299195 +0.10243822766227250742
+0.28383198243354423873 +0.22380098663470970877
-0.40402000301644708236 +0.25191119419590635164
+0.43943016999937295486 -0.32003034847122757700
+0.09903134807408542351 +0.26983827982997760087
-0.19900978694307763783 +0.25645287065943395133
-0.23052789175097831986 +0.07307565875009164325
-0.21162883323356551646 +0.16230254489551459995
+0.03133821801186853495 -0.09843199709886485405
+0.09180744006586716299 -0.18081957980783891493
-0.15053404782160922926 +0.15515746565872801099
-0.17276426681475265390 -0.31667033472552230666
+0.15220064741463951163 +0.23268862347071783692
-0.25520157707946738990 +0.12939526069164691835
+0.04445952990677574240 +0.10996322829056731640
-0.15898455453445645147 +0.43700333861167417471
+0.00031093944811674823 -0.30280950788786858974
+0.14235657024673142867 +0.06706909626225779353
-0.13664189939962229081 -0.15167396262556964714
-0.07964240396280639067 +0.02655934527420978838
+0.22453756742723068873 +0.31570740244124823048
-0.08821153437203813064 +0.15707039271871803265
+0.15660431322156756484 -0.04481439205598101994
-0.27033635233038294521 +0.06561629719690997842
+0.00529541259871776915 -0.44915280602539725541
-0.13167387237942856926 -0.12398013480016660537
-0.27103799896644398260 -0.24125683411007234347
+0.18076853119497110489 +0.03245642951820668087
+0.39663714319497467287 +0.37818646743430289758
-0.00888600236358777495 -0.05274678352939549120
-0.00678643662173261664 -0.12430829567245565981
+0.05245572670906412105 -0.17283884987420183865
+0.45635008622519773747 -0.18851789976293931161
-0.05285879443035407244 -0.07522156255661793800
-0.20257992521355810966 +0.09141805025539606611
-0.07005388917586796715 -0.20043963994886754287
-0.15808109564953365389 +0.00427218056604650176
+0.12675175040712466368 +0.32252655383361084063
-0.25355840188865935714 +0.35283140139161145443
-0.11694211592156217305 -0.16731477383494530731
-0.08903918957425066560 +0.21826953066468091080
+0.03351816797229162370 +0.23898911309908166256
-0.44592839315693244551 +0.39372678552260970131
+0.36809761233180776641 -0.06669792754028913695
+0.06947958112518703988 +0.04964057017082629253
+0.46700051750271176498 +0.29971059184429327260
+0.06270088904114887174 -0.09804606880279505277
-0.47974954198945274353 +0.07864564901006898534
+0.00880192274628643564 -0.02068372713801021334
+0.05995652894690209345 +0.24918039907138878064
+0.03683674427871508339 +0.09359284046334614970
+0.05512622671486314130 +0.32981014627097460234
+0.39252291011717171942 +0.31173476924807869137
+0.03236570129926039791 +0.33440491728330506982
+0.08315579976858429589 +0.20646019744486779346
-0.15773446236088622951 -0.27579694573915791711
-0.24998196465711447489 +0.06993575876230997967
-0.04679477770259128644 +0.27849311967919698763
+0.00436294646010019181 -0.02241648636462017022
+0.19633450385224315848 -0.32198527032987001029
-0.10686291452346596831 -0.21735681537423945375
-0.23765140288354658082 +0.31196418334876635514
-0.00645701750361349358 -0.08949079314834507137
+0.03124162304311001170 +0.04689715297010205175
-0.17300523235896109187 -0.09782610171893918460
+0.10813990870925010990 -0.15718210462465914690
+0.40650061964909955936 -0.05151282550589791898
+0.28809335990177359355 +0.22872515876881649444
-0.17811425743145481437 +0.00385282844969725424
-0.16226207414164639520 +0.20608283181031694653
+0.17019187400341018179 -0.31034115568525905138
+0.13351518603877526870 +0.45055424521673420601
+0.03839854327473313234 +0.28576033851259463603
+0.09855124015693006445 +0.09407398558236484964
-0.01425329696362226395 -0.12233485669779065041
+0.04708160776603104170 -0.23597051413512698526
+0.30217314211991064266 -0.09404342188003844694
+0.11048977458961092846 +0.04122049347341517206
+0.25912618098760648033 +0.33266318731268135211
+0.44852075154426918058 +0.10005235301558110250
-0.14494337696435224960 -0.27392344176579097592
-0.36576439962168699749 -0.04910238277745429536
-0.25220575590297517055 -0.17886494821053350313
-0.12464976614377093478 +0.09857748668411586701
-0.20194760448704759948 +0.04272327657007416596
+0.24166781493932781855 -0.22765972077152163422
+0.03711761687280189931 +0.12534073861282082896
+0.05848606964984991857 +0.16589427696893555009
-0.21699241202157182329 +0.03461773925315082823
+0.27266264525638506111 -0.10309996958609893292
-0.10062435181327855638 -0.09222306789069575905
-0.10987481481656019566 -0.27419518001780518457
-0.09523571871425678959 -0.16554080127485082397
-0.01211628605545267412 +0.05212306987197018460
-0.43502729282088559160 -0.17580679839966151246
+0.33647899408481135586 -0.18295746102048154880
-0.21528596064644384134 +0.03561867562645332219
+0.17391639512471784856 +0.28465143054629099550
-0.07800095332836953776 -0.18125570163279808300
-0.05727321754386194286 -0.06804949200316251501
-0.22566948575708978275 -0.31399824069838500051
-0.04927397751274525950 +0.31599055837109391032
-0.35406813473167275674 +0.05197638347066207976
-0.07144521628537459090 -0.12500220790129928927
+0.05398871947319328068 +0.08765531760728451083
+0.12956733011394716559 +0.15736163311931627984
-0.28762465214606797170 +0.14400335378356288185
+0.04083816765413728067 +0.38764779155101564134
+0.32991666596536844969 -0.28517741893026593569
-0.22161497361509163717 -0.14874061198058025068
-0.09170138574027794642 -0.16997910174086827695
+0.27072896768421111924 +0.20039224655813811515
-0.31285646391001342703 -0.02872992389472892039
+0.03807326047021110382 -0.30338201703314371382
+0.24054839472378375387 -0.16083957625110040235
+0.21376164545862802457 -0.34915725190985569260
-0.07125938768191736328 +0.22534452017847000915
+0.15644854328431687107 +0.28141098725188090635
+0.09235403707958042552 +0.01833645056411088367
-0.38803928235898049737 -0.12369283927101415443
-0.11058197661196315920 +0.02109718654839370239
-0.00776778842479830534 +0.29314967457499430115
+0.10105213543902225037 -0.03697413318444901786
+0.06171604247217131467 -0.00049109743159497093
