-0.04806738259463272378 +0.18638446985605688910
-0.25825563584006261397 +0.26336164450853977170
+0.27454339477042782880 -0.06342067377494220448
-0.02573756167518109761 +0.28546093893102086891
+0.40263523742189227805 +0.25660024697630540169
+0.07359121308938637585 +0.20582550075915811982
+0.27998310872305420816 +0.12142471901765372611
+0.11650466281652682721 +0.12515149239185119345
+0.19574350094793030452 -0.09787218277707743219
+0.27572250535975945107 -0.17041759095696795701
+0.16159294495028431182 +0.21136301790719236315
-0.29785852505168874949 -0.20574855383125212338
-0.15424091582526533450 +0.08625423045320257387
+0.22045087710959987426 +0.18618533982978935359
+0.10863952000273102705 -0.28338533282200528696
+0.36681557656238505949 +0.06602923661783299814
-0.11391507839994335916 -0.20508773541609653934
+0.28070266626445455893 +0.20849104763822540187
-0.23470368953036246928 +0.15334426902642106505
+0.24182046794584177718 -0.27806082802514364705
-0.24956712513674061960 +0.38767411095555287526
-0.13873061429718180904 +0.08861296082724440248
+0.17805633378802454558 -0.07193383126366553748
+0.17895227438009475573 +0.23432434163096410584
+0.02027307517380633195 -0.22423017797121447270
-0.12589141697260436414 -0.07558567924526926607
+0.39602442439229401661 +0.02981994038200880270
+0.04864643806921664648 -0.28490138336945797226
+0.03928890198223911057 -0.02691584424882448312
+0.20532882724810141983 +0.15509455929294796439
-0.27421761158491025911 -0.23778744608670043803
-0.10679441041959220060 -0.01391426993454536465
-0.05327167075424960041 +0.11802722216051647619
-0.22017311632283637080 +0.30783891658322987128
+0.14077825831742196705 +0.18363287344996281902
+0.25622810016896258034 -0.05414985503786073906
-0.03101974553749281549 +0.38845328458070038646
+0.26227106656380289040 -0.00122602269053917468
+0.18280377341820025494 +0.05097098790436749294
-0.07892164549607599833 -0.43155304672681127354
+0.27233074417190417105 -0.07604685663448279564
-0.22011645365342913383 -0.33517621451071916150
-0.27200641234988992556 +0.04654363006817707760
+0.01889134590785540579 +0.08758976925317629725
+0.22670589815251535049 +0.24102348550357433066
+0.04575688711924003060 +0.25001526935193063572
-0.12993014895190468927 +0.18301489815002069950
+0.08566742106812907931 -0.29742770905774473800
+0.34913319729241382161 -0.34273094360945022263
+0.09110893828926119875 +0.02862703683604550520
-0.10886224471608596520 +0.30653167101904288394
-0.22096587977484083432 +0.05987401448684448457
+0.03486386195858437453 -0.26336027538612977184
+0.38123226056367098824 -0.17224884178906579857
+0.06583742963125482905 +0.34631611981241711140
-0.41819465880981099293 +0.05144583711545297477
-0.09929801711404645514 +0.22781595502170537415
-0.36026622865902407922 -0.10102069998114571181
+0.05769978984120061050 +0.13215028300101572256
+0.19853803369066180817 -0.25955524710835098379
+0.26644544876045395121 +0.12733178128647693050
+0.06109130412439423008 +0.07609255135654213742
-0.28007919003457376617 -0.08204525471502782663
-0.16635660553570791320 +0.37324623902592429792
+0.04203084581016547361 -0.08165445767232326624
+0.19200394811434062792 +0.25741062137042858282
-0.04715324768297168845 -0.22262553682045249648
-0.39003358739236226871 +0.26779048805370420094
-0.05212579920676801981 -0.28409100358990202473
+0.41914982474637813015 -0.15911848331468547713
+0.06441192785514376906 -0.00848758246665431981
-0.30690821547552543658 +0.48275877052123622457
+0.26281025341914010518 -0.25851739753421587587
-0.01750863566512494973 -0.18918243489717911920
-0.14936322773158466903 +0.07947417239235204933
+0.24662747322767103464 +0.02927923385231306908
+0.35728829508609494248 +0.08804987430261740355
-0.11389790824477097342 +0.29171899579109444867
+0.03855633479123998786 +0.43715392296216359913
-0.33270597002252033647 +0.00221262296552870996
+0.09095670203815919841 +0.29340567091434721636
+0.39510494902892545621 +0.04962609071958845597
+0.13595076687975859997 -0.29198575334577026030
-0.03701165398382455507 -0.17154552773121178877
+0.29553386132542908138 +0.45202126938110465115
-0.16571941820059393757 -0.01571936022607423045
-0.02575104186553367480 -0.07713429969268625896
-0.08444903106758183675 +0.16228130399562246122
-0.35434609324792981644 -0.20637481276139879594
+0.05183465785488589050 -0.09430643048321152300
+0.21788864952452569046 +0.34685342802536128781
+0.15139123915531249587 -0.07373711942214450366
-0.14330925404263084033 +0.17364060196489794485
+0.31211085346878086888 -0.17660648018385216584
-0.02631804746740257217 +0.02774710895497672913
-0.32898299863610608318 +0.05003028511820956092
+0.13895124458668572931 +0.08610917933516720746
-0.19350378015242641894 -0.18403186764047391177
-0.31142411127390617898 +0.31767127699182329259
-0.00817014465820503633 +0.16743114468473674350
-0.10949330291717745967 +0.15730177084268298637
+0.38428249855807533608 +0.07699178610660600830
-0.01766203437709074064 +0.10024902154330311843
-0.32547115049545155552 -0.35533212100618166707
+0.15148670305707179207 +0.19697930655854140047
-0.02699026676983462547 -0.09292064806513750108
+0.04355477362718268575 -0.42951286502998586858
-0.11391718995359406685 +0.04408251076082680964
+0.21217279003596961617 -0.04618567886039776083
+0.15064174323595697080 -0.21761444459967033138
+0.06227808593596689812 +0.19773902861210895798
-0.13427299522641239493 -0.18737731445157151944
-0.20170195874363361366 +0.12251073789604244313
-0.13357584466592908878 -0.27024003340881191937
+0.24416615836464511391 +0.26700233167468190310
+0.02580576595240030580 +0.01115920582530971483
+0.39061774250383279883 +0.03245754741110717934
-0.03005108647832316349 +0.06639638920584323145
-0.12785539943074419877 +0.16108195027422289591
-0.33109682490118552689 +0.31334147930199662824
-0.00071902292069586649 +0.12781393729261159020
-0.11032121826394464259 +0.08009787829777614832
+0.17391913111317447438 +0.01603500652977041252
-0.19881343136130946725 +0.44355151711249629631
+0.22991478013388710888 -0.03366125609437892185
-0.07549586115278461573 -0.05564099977918673945
-0.14552095755502586494 -0.21686154194374523962
-0.27898219347042391147 -0.13366438653722728658
+0.30315294290333899552 -0.05776497520907641903
+0.06666216923448070597 +0.14298961480091265663
-0.05862855183566073602 +0.00975369435994632994
+0.07781868609444508866 -0.17245260396625017307
+0.37098440776863844670 -0.42123013730533220844
+0.07331070083486385114 +0.05565748497758959967
+0.20393678944848420143 +0.13446808554460637497
+0.07794329629512802837 -0.31594543019892479263
+0.45768743769695752199 +0.02558027131724910364
-0.00265313615222195764 +0.07007710024491969891
-0.21414026066896496570 +0.13211410167369058710
+0.18339099819045656670 -0.12398133458021015629
+0.23517999459570043674 +0.23963325095774823392
+0.22781564187432995494 +0.25186847658432431896
-0.02142775502470634086 -0.00534224978560454700
-0.42649730955685777323 -0.16648676020952851706
-0.04458011380718124306 +0.15190022986554863049
-0.37272958285593743577 +0.03717849489228475246
-0.19256539087044199920 -0.05635793269094147018
+0.20007012973974358516 +0.09748305898704512362
-0.12758745357497353057 +0.24178997895716070055
-0.13439468425468631407 -0.05517173557545262952
+0.16434611092781981068 -0.22566680050307691419
-0.04191417372913375239 -0.03926925139453846247
+0.10432725994157238114 +0.07285226783997694744
+0.00748594542174968458 -0.38816677316051523272
+0.14607204476785151659 +0.36978500706248468299
+0.01996036413413104782 +0.11228294776080610662
-0.10995682232261738687 -0.23942320389889021337
+0.31729414402473332668 +0.20073953403852856647
-0.08656746309369744985 +0.28602236113013468355
+0.36763409687948844784 -0.09382864468992646589
+0.03495633766305722423 +0.26667451268731612313
+0.43304605839215465357 -0.08672971966025122548
+0.25129311830228545643 +0.00987755670910955841
-0.06588339197996856411 -0.41749171360926201624
-0.39033824283730833571 -0.01498268290043847095
+0.05945009216871910418 +0.46643641760762977189
+0.03774918817914757474 -0.01164065486665505356
-0.35000983282955028253 -0.11538147970321960267
+0.24798986068174871944 -0.14543913371616862262
-0.20260238706154326538 +0.16729021181431841248
+0.23513495168096476551 -0.39092922336783914039
+0.16438032537606539485 -0.06697843669133368705
+0.30494480431999537728 -0.10824215278765991766
-0.02485210551475813823 +0.38192991308267354444
-0.06952452913755724495 -0.36140501825704796079
+0.04706236418785103570 -0.00901750434587911265
+0.35365440973626699472 -0.12347461227159384212
-0.14342292228925618280 +0.03218165286665564118
+0.00236894905329387839 -0.17185983052516690117
-0.02652636831330246192 -0.24386557622089261033
+0.15527711344702449514 +0.02940568870295690029
-0.15775196081312609087 -0.42780390159295111907
+0.06841840765982237782 +0.22833369699697586563
+0.16209308888674406335 -0.15945602971655442603
-0.11159579804327834918 -0.07976864377649917071
+0.04016720760908520926 -0.23641186333997832314
-0.21849015867586146777 -0.09039676115920164401
+0.15763980150010153958 -0.17373324606816448190
+0.02855885486551107411 +0.26457616427588459551
+0.03519335916060800651 -0.18078400501141778101
+0.23513745410215214360 -0.21140699879195601341
-0.25434945864678892846 +0.10578640535806893563
+0.09965165793758107293 -0.06442164169582759170
+0.20546563594603922676 -0.19559718794937114295
-0.36143318752656988790 -0.04375581920682486414
-0.08631184625189275428 +0.45436644038461621031
+0.15641155402652373585 -0.08452656193810381691
+0.31824187161614114761 -0.19646840242027585610
+0.42457420500172460276 -0.11617781913199387578
+0.03234783951046904527 +0.16679395000080454725
+0.16193840989966062915 +0.19414326779941554202
+0.21066404568002033981 -0.09622355926425868455
-0.21794323416296940144 +0.23382905829684169641
+0.12161131017999732284 -0.24349727218757150071
-0.04927805815916302956 -0.25232573155159399025
-0.16119580538032468597 +0.15694163308773589893
-0.02382935422250653801 +0.22267964982085958203
-0.23061614999929180847 +0.00619788099585244501
-0.12923702727891400732 -0.03082672224197091637
+0.24835523304996326432 -0.26746011268837543984
+0.12188666077471999039 -0.32351421527721829774
-0.15010399707593113927 -0.08627353609648341637
+0.28988756918020736064 +0.08452379581128638408
+0.04696894518606414826 +0.22512778156172957855
+0.27359021547465339763 +0.30884227530889601931
-0.16395722283376185091 -0.02030575066865319966
-0.18158225495513147241 -0.06741277002567780396
+0.20999221736470097266 -0.14732877276971390046
-0.05595666701161372547 +0.33054537491432417484
-0.04597934964523153756 +0.08158874123517673160
-0.14195311234061086525 +0.18848244517192513925
+0.11151810916279419894 +0.16892567676743486249
+0.03118595998605977471 -0.01440055724359273759
+0.14399329555624018617 +0.19327314526451738752
+0.05929282333279539685 +0.07073944309257101937
-0.39600072858065349379 +0.39807892906347380757
+0.06566112285549524641 +0.29678727405594224065
+0.34121514655712542607 +0.18422280264672580286
-0.16926101978320590158 +0.13513272013192551002
-0.27326337025099317612 +0.10472903136473471486
+0.44399850606937119046 -0.01437369581007319486
+0.04562089237484256987 +0.17422006148660507119
-0.23257792806226962323 -0.03009300373290479946
-0.18163956532067426775 -0.06832597103319271170
+0.07350174748954912962 +0.01444784729952769409
+0.07408972616615222551 -0.14816449004056092553
-0.32475677238959183013 +0.19369770756649268284
-0.15513522431970055981 -0.24337528936571167781
-0.31624036287691598135 +0.20822963907570390951
-0.16184744976395942784 +0.06131783665757417623
-0.40434145652631686696 -0.24829181886036449933
+0.05035835264211735440 -0.15371876534804257419
+0.15588148944437446586 -0.31733275314788550459
+0.31697076482789804386 +0.16779942341892978286
-0.42185545166455323818 -0.34997580387331539420
-0.04889286563708566957 -0.12152582092944441694
+0.21141598682597817493 +0.17530560988228716113
+0.09404312159469196963 -0.17701370400829308238
+0.19566288793896835507 -0.03880457184200508669
-0.28027869365531554724 +0.15160836152632267693
+0.04402501241215389660 -0.07941096161383409680
-0.02010106802929551018 +0.02489603636351678251
+0.08033407179831025813 +0.01006462518868089795
+0.26510182048073588357 -0.42712085715048486723
-0.36625734988544195181 -0.29426585404694327597
-0.03859344535194147996 +0.03056960986727297325
+0.19690101287929728802 -0.18197234511916682287
+0.22649113579921509309 +0.27396639546588652525
+0.02662944592451826908 +0.01155093301991555466
+0.23794729827006960710 -0.46942883139031527095
-0.39106502294443334922 +0.14677075498541092280
-0.07025805071887192277 -0.23865367789408609145
+0.08872885023910687119 +0.13901938874371250199
-0.22429770783884966923 -0.00959034662598473586
-0.12676463271833143809 -0.26301068656409737345
+0.22348963233057833611 +0.00518292896777711176
-0.12695017407929304332 -0.37943052865906057303
+0.34003711849376322407 +0.04259060727304819771
-0.05959659668585309822 -0.32296516126504265509
+0.36512036293986632751 -0.06745816792808184692
+0.03342020568388881507 +0.14475727447778419243
-0.14313935417807177597 -0.34598343480901860847
+0.25875061769832247149 +0.13831512130091083712
+0.04955560382912388429 +0.12945039087250909127
+0.11755295046953462279 +0.35520770041827542940
-0.06773694478849090483 -0.08287407535192803376
-0.32913176457794829366 +0.00875924477006312374
-0.15296710021233222987 +0.47114654035009012611
-0.32016278485866167536 +0.22707100364007715143
-0.04479404266719422267 -0.26576092433170073193
+0.07678555271064058108 -0.04526176088624983551
+0.01979854321769081160 -0.20235164161886182166
-0.24807850774801520899 +0.07684059376844731837
-0.02366799671544739248 +0.05391035451814429891
-0.01955410004609947627 +0.15703624574236202394
-0.02404483146755465039 -0.17319537113000021966
+0.31369774079718970583 -0.20675990044534614531
-0.01516222473110284685 -0.25598485307473378692
+0.09866694503593009813 -0.23604461055455694396
+0.36493266589447592718 -0.22184556711504388460
+0.05992440557920997168 -0.20320928042110297795
-0.14054993929541625963 +0.06693714093805447352
+0.23298366935359310359 -0.11789574288867027407
-0.04180781241428604966 +0.36912781123023136187
+0.06712718417215018940 -0.05917998326733342473
+0.21485465765448158448 +0.42307948699364927858
+0.05437416250886345503 +0.00750397560295157362
+0.30632423687105864163 -0.03758204574142665066
+0.23666713709769215956 +0.32803858780904815440
+0.14429067659463523654 -0.12454783169634109363
+0.06037119620093339689 +0.24021243918869938927
-0.12030416902590485018 +0.23726076239122428913
+0.26035636796547312333 -0.20272461666787833234
+0.07148339399476988376 -0.06366570615482325390
+0.03863944082375525557 +0.00142273724819297342
+0.40328934939907157275 +0.39793520734139831152
+0.02534643937998698471 -0.01630587590439241952
-0.10353720150860529214 +0.04743865539038677470
+0.05424650505064315675 +0.13974584058095274042
-0.35851618549904401556 -0.13280072291129729756
+0.30657426478030280759 +0.16580128953004669157
+0.13664538364494294154 -0.09010230973836808044
+0.13244409501701776000 -0.07213170425753284709
+0.08306485132037194630 +0.06879491579665703016
+0.07112422779029520248 +0.19540121915697494792
+0.04987398665902126327 +0.26581736431281410837
+0.14003445663817326583 -0.22291883509130300256
+0.20232929791037990164 +0.04387440854429963677
-0.16973713475204876833 +0.32813160014372616535
-0.08201128892335451948 +0.12712529684407553043
+0.01282054153796491347 -0.09388053114306171842
-0.15218815649837730275 -0.18418034316362730252
-0.01766844669915385024 -0.07732369998334098771
+0.47337419317131307350 +0.00949486740375615756
+0.12674129311854270830 +0.04390352867412922189
-0.15905532368502134366 +0.01594316538288892415
+0.29050085028911715179 +0.07981518264878645352
-0.00359899455239348631 -0.22232173457743870104
+0.00758448688041274410 -0.28675026777645029608
-0.15920397555370352505 +0.07077733227261484572
-0.11784121369867456286 +0.12877326825494228579
+0.21483516109377071013 +0.33911642797378338532
-0.25243565714996885063 +0.22914583266965748987
+0.19199817069952285209 +0.06635365476115340222
+0.14964944810141256326 -0.32444075061500515789
-0.27733975284261824790 +0.01025805819184061329
+0.10378793218858312075 +0.04563542468727749268
-0.07080616639892084452 +0.44032555639221532262
+0.31891561658593958750 +0.32057387443887247480
-0.11104507992877277189 -0.08751017086215279184
+0.16770237166828005915 +0.21246658263773099407
-0.00895647734753735048 -0.02150500390702558828
-0.36546130341175786516 -0.17505522737699658054
-0.10575238511288587162 -0.27883103424217220434
-0.05303448991073539398 +0.15624249557500813346
+0.39741527398925796666 -0.27669345042833715098
-0.09344664619483272761 -0.30196652005213359127
-0.15044511464085547070 -0.07327448579231593540
+0.06495225125943737687 -0.36877061249636594598
-0.37157601274499751920 -0.08619958974415836694
-0.31557910745128064933 +0.36442908306935950513
+0.15528835776827082382 +0.01004768730898952800
+0.04551461366762310501 -0.02390376423515477855
-0.37104718236516920360 +0.04720403755002405832
-0.31578249820590870156 -0.21234103479116445135
+0.08655902618311323016 +0.21371822506406129571
+0.01661381844950310382 -0.19000595994714941650
+0.43485634578699977615 +0.03601812942085147462
-0.19161653201502054644 +0.36101637450771095761
+0.08969725871145844964 +0.01227569014611584741
+0.26426977372729809623 +0.01881295261085413895
-0.11696213808730393513 -0.43473134165884286251
+0.03608714754164027427 +0.21975422690043849849
+0.30292433032092075385 +0.02667179948598957795
-0.16462434405032838614 +0.22511569177303797362
+0.13838119311248892052 +0.08392284252349629936
-0.20674701554105567869 +0.07811604042980491158
-0.16889811943157395646 +0.36669370196874351286
-0.04892762144618356679 -0.21417070812567146065
+0.31110678449752826591 -0.19661274721594584891
-0.03579535713244402784 +0.30369601441072502368
-0.23095502453987898361 +0.00978617595104835925
+0.17297193832983748241 -0.08862644038916700495
-0.05020629210517701946 -0.22318706939307286774
-0.04489687394175878588 +0.48183674513744068069
+0.02993276225191476847 -0.01792083907955788202
-0.02833321635674734829 +0.07022396867421076827
+0.08358019515984671521 +0.02247687605606074612
-0.10505619666113785726 -0.30423827987680124307
-0.33737798301843513471 -0.00810251264470224219
-0.08391967094872393451 +0.02255200393625550470
+0.15239707356117143666 +0.42710953473206886288
+0.11783451873255729181 +0.06568567664144148166
+0.16079204503283078820 -0.31174304446080175479
-0.30387698300251458905 -0.02992273282262319922
-0.06579183871028032593 +0.35829372760588235058
-0.04198215156517010049 +0.31996853434815997197
+0.35077835592158362887 -0.03079997039674819970
-0.02019821845409147665 +0.06706970849808113755
-0.21486410513954540269 +0.02833821643332157247
+0.14684836158352243540 -0.28456743114280635965
-0.18318661479396014524 +0.16236111736592750976
+0.13301626810198746709 -0.04411946281708006845
-0.13046872661558056583 -0.01325727549167249331
+0.01302802010402948074 +0.05654097671667229763
+0.37070374781808268505 -0.22301133447786342101
-0.22716278803839079492 -0.28676005695484918512
-0.11125029186390250624 -0.17649614135423508099
-0.05153300418555784024 -0.03231644144998502277
+0.33612382008032837266 +0.36144996322058020599
-0.15358664289819856652 +0.38218425794939236972
+0.13155963566365902473 -0.11405625783865958045
+0.04191334434186472224 -0.20490670581393422012
-0.13754214802582270805 -0.20272950991327010062
+0.09668794237454919616 -0.13537549813454846648
-0.07412196445045865500 -0.00072273655385252100
+0.14496464620063248541 -0.29760158413162435265
+0.34055995345578476963 -0.09025089453909102000
-0.26777696136712686448 -0.28857988102404902309
+0.13416211590106513762 +0.14631563737989389251
+0.00235646465791128357 -0.05588341034694399578
-0.22828117396414637774 +0.11745590503425418216
-0.08822205772436492177 -0.16701377579941900642
-0.14249220623993502644 +0.17873458132283537303
+0.25769918590757712185 +0.00170859583448218499
-0.10046180600281273687 +0.40306105523333174423
-0.09657311710800176030 -0.42467079127809059802
-0.18452971974311027648 -0.00392012847410538878
-0.11439176707819187495 +0.26251027189147996266
+0.23991626158505352517 -0.13048233001975301226
-0.02693737591950517984 -0.04502706571844505845
+0.31080416562968227190 -0.13512555150806848658
-0.11258877244812742768 +0.05165004741979595249
-0.13926146897346264319 -0.17929929475096395564
+0.07242829512792064994 +0.17571202167597671506
+0.19355763474402137847 +0.30424069439992801334
-0.41439150502457466896 -0.15539609945438226379
+0.02606495137250108840 -0.13982605346098841981
+0.00084460736059110975 +0.03526219121809009982
+0.10094751016212399897 +0.12458964674888212132
+0.01472883916320771869 +0.00109921453024758309
-0.02821543586867408804 +0.31419744282254941092
-0.02171234251475717691 +0.16130385491237658746
+0.31105595214402748105 -0.11330140852715969713
-0.21055347874972396571 -0.00922005414422810698
-0.20986152843808836277 -0.14731315366064468009
+0.13934406102465096700 +0.05963141592669723989
+0.35267256595304136146 +0.23121536999460606809
-0.09201875199067072186 +0.20735888968384019737
+0.15400650240582497430 +0.22556198382143444192
-0.14614148052497560881 -0.27030078674716206955
-0.27423384370037467983 +0.07656883821701720994
-0.17378585803271295873 -0.32370511490303649493
-0.14143225615685350860 +0.12292068495422353580
+0.05802804615655537956 -0.45558820654033316266
+0.38963082947383059773 +0.02928330227361852778
-0.11815896547830595509 -0.02516874092505105853
+0.21115958800411005480 +0.24678567674803464360
+0.34980895228740499503 +0.15323059223840440612
+0.14306087260732675004 -0.17279979172270742982
-0.04588113850759900636 +0.18711841642909099459
-0.14174390581285423174 +0.01539534030296252354
+0.29560806636570946537 +0.14867074046863260062
+0.05682407013447843269 +0.12378274124705557213
-0.13103922142897805880 -0.20629143864469218217
-0.11984457722588737205 +0.20353040901940683272
+0.18233382282997212531 -0.11433668997654689026
+0.29807230622108993323 +0.13121447280570941452
+0.36379846518420033696 +0.29086143477970471949
-0.06805220112227261531 -0.19186032767780247799
+0.16263882275703467339 +0.20559219100402020830
-0.05818731718487757387 -0.02980784068461733716
+0.31840089737662380376 -0.31656291545429338097
-0.03151306910400664130 -0.01766450217635107123
-0.00920301515407934145 +0.14465476807618937727
+0.19418415721735132751 +0.26155516307373960494
+0.44914604841141742009 +0.15179231880980770253
+0.02467328686448538866 -0.14405418564732530573
-0.04169491074326420188 -0.03998179356124315076
-0.40910308473345774471 -0.21592832221751406818
-0.35283397588548742752 +0.05528132655545348051
+0.02773974625824465745 +0.01922438920743463342
+0.06363985379773662299 +0.45011958077452118854
-0.16452975530841662533 -0.00845985518619629673
-0.29035955305020055839 -0.18635131256714598802
-0.12116949955455258436 +0.18335006120093366722
-0.38876139221790034783 +0.05130749421671071397
+0.08855866497514713886 +0.28896432290668111476
+0.13063322390713694165 +0.18900899483549193913
-0.09519307756252870512 -0.23639548379314889726
-0.03557996386727557692 +0.01277748694029434695
+0.38925943903102921961 +0.39814961258937719979
-0.34138110914655556138 +0.00630099027498726150
-0.14209507236836588229 -0.07504538173965863423
+0.02210955373004008795 -0.02087577928469236399
+0.20643173779444856653 -0.27782267354593798148
+0.01667759614258917944 +0.04526467177747411919
+0.44630043993228257770 -0.41073489660531797840
-0.26390521474243661126 -0.23589609467701538881
-0.22943324858703167957 +0.21173499565825942836
+0.12546315133330249170 +0.27951445601396629481
-0.16391293857579020132 -0.11373415082340965210
-0.09299519941223827191 +0.37910734773138232701
-0.25891863532583797580 -0.09273851313385050865
-0.13776296019125233716 -0.00212083648529137747
+0.31287843102578094534 -0.07403349907297551713
+0.21992628649586093426 +0.10976171152825603405
-0.13214736227329376694 +0.32630774312702687245
-0.09997601828360275222 -0.17451997437347133157
+0.03258311139814057400 -0.14206816184606807507
+0.26132092113777077858 +0.21582457290571277486
+0.09989921034383392184 -0.11945076912163221650
+0.08960024425021484440 +0.21947991853409010155
-0.19210203177572815481 -0.15254597626572397040
+0.10500675967147227174 +0.23273550012696675449
+0.27736250553107538730 +0.00184576659837776269
-0.20861868656770254926 +0.05804695985467034358
-0.08367111519216785531 +0.05016031613097537978
+0.41971691771472263710 +0.27562166814257982317
+0.02206823107842570408 -0.17429747389716099271
-0.02625424815134858036 -0.03391903614229907493
-0.34068618508582504401 -0.27127693609223269000
+0.05294826793654444641 -0.37799863732383509607
+0.19787309227070354334 +0.10570210771175436726
-0.09310403030365094201 +0.04540685495981183761
-0.11954919842838346300 -0.01228102959916727022
+0.01821564023206567740 +0.14845712076785783085
+0.26565293358630137632 -0.11661938564450841094
-0.07335339835041426726 +0.03344362348329493750
+0.17466374440844073535 +0.31686610158456823827
+0.03209537979490900694 -0.03729063322212866627
+0.39364345735105737978 +0.12871385260790968452
+0.29598391659606065884 -0.24842750060456803007
-0.19145376214239001600 +0.10785811776455517252
-0.26565800404418099534 +0.13388025724012747597
+0.10746274674262173976 -0.31859902507984244613
+0.22958420071441254517 -0.01277589372607612628
+0.18336180946916158518 -0.39738480969265899123
-0.09373986953556340262 +0.29170202014763990661
+0.20639418101971135355 -0.03253179122098326381
+0.03629626650800921173 +0.15220749564459695735
+0.00298143366065672932 -0.32481300528518958215
+0.08414771021017047881 +0.05425004563731705698
+0.16219185745714209679 -0.30989015601943881162
+0.05148281439285112837 -0.19551083016990927765
-0.04573899303613909728 -0.28572780331336983251
+0.18240739140499384607 +0.40781129593637677200
-0.23501183655707835740 -0.07042122910743231490
-0.27988727096285670459 -0.33212504706679008004
+0.13312366010259057969 -0.09130505398613414370
-0.11097713162148847843 -0.02091401104363938002
-0.12740482783875439754 +0.15241441306991015958
+0.22887305028599574941 +0.25036989598104780752
-0.15151306509265111133 -0.09606641864817450083
-0.16319465236546543130 -0.00393096834599115930
-0.07156676453792559789 +0.44861908297876762486
+0.08292321916440004159 -0.16224010283419404432
-0.33731360561920753494 -0.27383226158768619873
-0.27501343030474595386 +0.22503510212502081389
-0.11128017034151410636 +0.03751481568652076382
-0.35068135396154970218 -0.32167035967292950671
-0.10303718783924292746 +0.02810699384660414468
-0.05292591352429804052 -0.26593710367599160405
-0.20192625606867370402 +0.16237689291854645601
-0.25576182936583041760 +0.28721494097143029922
+0.13516343830275218130 -0.09020621279466278786
+0.01621989963792186407 -0.23801416828853189100
-0.46379314316751157898 +0.22231048465339858788
-0.22405513056498910229 -0.16094174375520892140
-0.11820529778801308618 +0.19931873563487562118
-0.39319821446523567365 -0.35015760084281788433
-0.08880361000773867586 -0.03830463408179696216
+0.02375741692813243544 +0.00560601137493738078
-0.29127315073240306331 -0.42619950452051719170
+0.06941707785013967458 -0.03451151907536031960
-0.13364185168929648695 +0.26188543361229765782
+0.40860149582933918966 -0.00601857308186548590
+0.03377633216195669030 +0.36052577504757066240
-0.05676757171827689907 +0.03394977181317659909
-0.20705127147903973350 +0.12320261110564778573
-0.28900893891763002053 -0.33672138501166298807
-0.17502701762444494715 +0.04070732287661277260
+0.10414617461062908310 -0.26759498376493034977
+0.05384985764140520770 -0.06942674542988930275
+0.11177636457542228232 -0.40504435262298160714
+0.16218241429028468215 +0.04321649513133846154
+0.19512135252673290520 +0.14558066677202785577
-0.21652441333713368099 -0.00270960963369137886
-0.08131278491367299743 -0.17652565061805908231
+0.19224749654060380166 -0.00400163587409968491
-0.02325788784566579226 +0.05409707387177054017
-0.18691053458153156219 +0.05601541710833168874
-0.15434357376640994719 +0.00467732346222732298
+0.19578947597007256842 +0.27715729495804747318
+0.32995213482742835609 -0.08365484906850301217
+0.02144962974494724062 -0.03584812592298974865
+0.06725942544608953799 +0.21728520731835926361
-0.29523695328982935138 -0.14417966250567165742
-0.05174220348083213850 +0.02958719383520003188
-0.28922682087573425846 -0.43606376967554227875
-0.03453578941061946628 -0.04022338148482579312
+0.13700861135425262960 -0.27219410906931468253
+0.04437902391797976520 +0.07918077790901018043
-0.01475647019229575641 +0.35081529281472095816
+0.23249160733352874919 -0.34156395376525328089
+0.21511184229983709715 -0.08169770392008834925
-0.12333375332306023564 -0.29677457819781016823
+0.01800012962256852811 +0.09998004736263876868
+0.31794821477182633185 +0.32179227754439287956
+0.12243994666822732853 -0.16057200362744383781
-0.29966537070944643251 -0.27726419499142679337
-0.01497605258112333360 -0.02568849070370710086
-0.05545148136417638041 -0.29554219614241739045
+0.14773344195909349219 +0.10561664118776703525
-0.30168363985965523932 +0.25866801932269012365
+0.15966583177818832739 +0.08860924128307401393
-0.00260805171687966686 -0.22145869822015129547
-0.19067709225407075690 -0.14578413350847352348
-0.00416551726949049295 +0.28935678571937700765
+0.23988893659065019248 +0.06476107289223259622
+0.36050152010760361243 -0.08994930112183602278
+0.04384461454626664700 -0.02854507552794133263
-0.41238582824601960342 +0.19153189081041777087
-0.01192728561006434207 +0.20140514042880186540
+0.17850911549103315457 +0.16687758203774943899
-0.25625775221458074737 -0.18080155994024088573
+0.17357726975495241239 +0.29711866962919120105
+0.05742676034999155688 -0.12722567717471877646
-0.09160771477413659492 +0.12753804785516026365
+0.28471861255777225486 -0.20293680539586583800
-0.34059946849688171877 +0.07735105667034103405
+0.09714276319448311714 -0.35518944703742361124
-0.08431723860378737001 +0.14486240379072834461
-0.40120068374737472006 +0.20390415439295872524
+0.08082163719218465880 -0.09447307604922211555
-0.13589175635998201885 +0.15372073073568431889
-0.29193846744060586440 -0.32920801273969935163
-0.20323577733996528449 -0.12379917213625735162
-0.16488885929337587788 +0.12210865901694550884
+0.01392441932774418634 +0.17145119827056048978
-0.11242980760282922370 +0.16036997956603266102
+0.22428775099113312796 +0.31475997920837089916
-0.48642533316735991900 -0.02071665357865598578
-0.00937080616248986420 +0.02546997316579063808
+0.11874451663836665949 +0.16563739919188319449
-0.20149966439324812351 +0.05825943719643383867
-0.17718403970817492299 -0.24795972382616049412
+0.17105441388862624441 +0.08530991284854139156
-0.05552640425577781702 -0.11754360977128625043
+0.26131804070705322296 +0.14780260632320924019
-0.43829422597349665391 +0.24131317742153601813
+0.01666853960272263180 -0.10611544111303383708
-0.14618755931603477638 -0.15608746953928265278
+0.24721688277996212157 +0.05277171062929697509
-0.18764384496313296635 +0.28667180951854054349
-0.10687910950164186685 -0.16923908349347482893
+0.15856753800564682422 -0.18603971958391118946
+0.30316637026239423580 -0.31388001740580617760
-0.02190007504488972190 -0.02626391580017400917
+0.21771603346387052857 +0.06728215903081374849
+0.14719841012831885729 -0.13616751569079121875
+0.00120012207927727710 -0.05284461788066496801
+0.21161415900005514645 +0.00567802317191651307
-0.25080269540637051273 -0.08110882128713930994
-0.05918662179150979696 -0.21439945515664721176
+0.21928130707793946907 +0.24714434425608450274
+0.24169810922574841427 +0.11734690305251693765
-0.04963826798083992298 -0.36015348745473474423
-0.27952963685877818545 -0.36008707009096657670
-0.03526084476683977176 -0.05802954949849709054
+0.04455303088946999113 +0.05350849401298424235
-0.20503657030863803312 +0.10766651874552607415
+0.16947316863971112477 -0.09365964784735719695
+0.08398726596558386825 +0.29454892181036024246
-0.20136411770184647896 +0.15994982539630431262
-0.28865248498819939815 -0.10661001201431485885
-0.08079138572741256796 +0.02040335397939241346
-0.34215112767923555603 -0.26117093691577164538
+0.11089864361703155593 +0.01849255919476738841
+0.00696889345759771350 +0.24427176785593202046
+0.06776809644306069913 -0.07263344384982861612
-0.31807602995387529443 +0.11735352327191406197
-0.15216993096818848263 +0.04830639131849845391
+0.08856279491012070126 +0.28444945538746280178
+0.06784720399325777640 +0.21132684076694724373
+0.35882458658115840011 +0.09664776154200444003
+0.10334091524365524029 +0.43692273440601769874
-0.23788111981992593469 +0.00111589598111949684
+0.09531207817652381786 +0.05450445475057080769
+0.22132475199582207770 +0.27714775215216486126
+0.32957357313953494771 -0.24353192425327746529
-0.03247601833475288746 -0.19006933695769373527
-0.21139795961774499045 +0.34643914612189785629
+0.10130286261247645196 +0.14459619261707679083
-0.45860574311663909741 -0.38421154035817545180
-0.02227904844379030580 +0.05691220490951437450
-0.20939471031925449562 +0.07580824523610979471
+0.10263605027732547459 -0.05903220360868494110
+0.29367624806746728261 +0.29645177536296207776
-0.08723445949351915640 +0.17133953608390739554
-0.11192326394056589800 -0.30395530413384047597
+0.27636650131461243385 +0.01188123635865373506
+0.36043912961976598552 -0.37893195570190357779
-0.07422307427087004861 -0.01231144411049495124
+0.09379193443887046122 +0.00645290223450029066
-0.00352704209368304156 +0.02523536951883337265
+0.09272652767656719419 +0.14691166805170352561
+0.35483746293423557017 +0.21769356068433654006
+0.05555054051826796568 -0.10558869391588465714
+0.04679553547685960657 +0.12529088774948682339
+0.24816509214542570305 +0.00809139951880677444
-0.17966151962891474536 +0.12347667622234470564
-0.39970738157416546565 +0.00784904316732232266
-0.08758304822861745498 +0.33102449593704713626
-0.13968563668397082633 +0.29488670166434777231
+0.19691187126579845490 +0.03467396609121392581
+0.18723599188613926358 +0.03512899589660434252
+0.01256420433763782984 +0.44724992583818368175
-0.12884778423589671181 -0.00315933910725268996
+0.24060127847575263349 +0.24206042505516328633
-0.08398061464218969929 +0.02450313081360366851
-0.35520196248343965939 +0.00363292734063391798
+0.09320820257379736073 -0.09547022316404629727
+0.01583216421300803756 -0.23793901342728163151
+0.27468502050436399697 -0.18139045846128670769
-0.07474957088452066634 -0.18519164899990364637
-0.27402465039542456271 -0.09706882163526353580
+0.13025603016126563460 +0.29959520256830440843
-0.33115255082955336041 -0.36963304984364436789
-0.07546870321621129696 -0.08874493261887311801
-0.23122714214551365330 -0.08330603972217748288
+0.12245683397483198007 +0.21392297519091102442
-0.07163085380518280365 -0.05613126412280899924
+0.06553490351574525752 +0.06582152146329112163
-0.02006620665991359909 -0.14307612864000157638
-0.28707577790342703183 +0.22221591383405808751
-0.03734769630119300077 +0.26293893249987632110
-0.07774682968259422067 +0.15744710484441915010
+0.07917469011410199764 -0.01694595796280040645
-0.21927074864839707358 -0.08288766614639753172
+0.17258550715588494295 +0.19663856153261327631
+0.06289438237581002067 +0.18282579076054261691
-0.11033628583535165513 +0.27301650726869919339
-0.10763228079858550013 -0.14569092114635473489
-0.39163086098228266918 -0.14305820619479064915
+0.05185836154051653990 +0.34952861074717661571
+0.19165275251153923719 -0.23251067027187954928
+0.17317874446371117614 -0.02815754610753828935
+0.14541088049452466358 -0.20017117541307166695
-0.11324875904848508146 -0.29078057797647732796
-0.01126881376232541365 -0.07377511568876188308
+0.20770506852233333595 -0.37138041622159584376
+0.10695978423464580498 +0.26840223704663923598
-0.23809320327020144781 +0.10781881776849033816
+0.01988654255042154873 +0.00391239251841773994
+0.47312008898239754640 +0.12824090496156731467
-0.01873216166161767449 +0.17616595790282740808
+0.33722646465961342299 -0.30149276170675631814
-0.00669558222136118486 +0.18663317773817156286
-0.40057893548312656362 -0.19885705323442071091
+0.20277367627370224135 +0.01063498706869175914
+0.11472819048162774536 +0.38474540381492600138
+0.27616648163610008071 -0.07440866070072754690
+0.13154387845708853666 -0.09277029048849344539
-0.07712525148981619338 -0.16037768539111718624
+0.03727288260401329101 -0.07043397863490763466
+0.25803277388004486337 -0.32744676261334648704
-0.08375055756019433861 +0.10044762436140786122
+0.46211367508117862091 -0.14214254807334597563
+0.00431840369831970605 +0.30642694587858326782
+0.07701316231974048021 +0.22816694403043086270
-0.19844742985421665038 -0.20196493606954230016
+0.00659016570916576283 -0.05603980915368916849
+0.17379351048757213372 +0.14780987784624516346
-0.23892602120461137183 +0.03274847524464435944
-0.20752834110715268068 +0.36574438755855714911
-0.23378269283462427275 +0.12334450050552153710
-0.13360310117721785339 -0.18092856798641204774
+0.30044605111857364266 -0.35004295236326982144
-0.16396106776982227737 +0.11677270972673176042
-0.28530404599160091861 +0.33059572252066848908
-0.02868623537225861719 +0.00635638590757614530
-0.20965457037736223711 +0.14874930849189549331
+0.22810553593868143629 +0.00908702254332516279
-0.34557210311016539617 -0.09103965902811345101
-0.13105889051165420245 -0.39222527224483910713
+0.00269745771372187360 +0.28750789842543300612
+0.24700566259176681694 +0.15708537809626177406
-0.01474959109686846404 +0.16119375637764898901
+0.41518439727601630373 +0.10283874460948505547
+0.15992376962038562516 +0.03056292075914507356
+0.18152997830055556117 +0.14045297921357896564
-0.39985909479478065620 -0.01226576324773942517
-0.00286458374436016072 -0.41864704519784623482
+0.10575512816985105369 -0.11636967926836505605
-0.02080389145311462018 -0.23628306295403345150
+0.11698308921093791835 +0.31170894783633928959
+0.11153083657927065353 +0.00905002907797280987
+0.08746267706467480973 +0.07743556968947873376
-0.41145530887130188358 -0.25847611741190779089
+0.14488545408147396332 -0.38045630808633240649
+0.34731092246771960719 +0.00449152988040363299
+0.15775219552499331055 -0.03155194292962965052
+0.31870624063315911023 +0.22845944790891042908
+0.32847443650960783668 +0.00726909302465861273
-0.06952629350829764299 +0.29661981992454566903
-0.12308027888491507307 -0.06065339965035454473
-0.27677698437197556514 +0.29032535188303587592
+0.13683926065182056009 +0.29781476339916396201
+0.09069905980499731735 -0.18711460367958981932
-0.13797037196583245011 +0.15173329887940389948
-0.21985831541231654063 +0.34602054623595124294
-0.09531165502636823605 -0.08355369836049564292
-0.17752696361289771465 -0.16346872381994004275
+0.23383875755613930947 -0.22047944972489780247
+0.23232403436885634695 -0.16872957423379125741
-0.06514529547054365155 +0.10254130544370082534
-0.14024484580522839083 -0.06171492524867855378
-0.27330481086724545126 +0.18870303616069600272
+0.10704636034909487119 -0.01217766542899073601
+0.12465615174472244320 +0.00551870882385507855
+0.23348169442641208970 -0.43548274292926669737
-0.14347258424344655481 -0.06132569637828966247
-0.16528642705320484296 +0.18925173882874946063
+0.19673529441868709000 +0.22640605578278372167
+0.14841569574654178698 -0.03205525910577400328
+0.21098647443212148467 -0.17429840363899373745
+0.11589656961321570527 -0.20963748367792001126
+0.05567891688819642804 +0.36223644944168076343
-0.15770590886630769800 +0.13301348853679295647
+0.36666806670639146004 +0.25260428565550269164
-0.04443987167758961521 +0.22181233882346990116
-0.06955572523583608557 +0.13427853730156691370
-0.23893696339849057608 -0.27665871796192809118
-0.12096542479446587004 +0.09367035322705058453
-0.10622728837098666110 +0.37518968946298031364
-0.09577853307546202455 +0.28455300159076157840
-0.34789191138400110681 +0.10195891101546483704
-0.05210599900574308663 -0.24736656777305460198
-0.20464320639275668245 +0.18227540372725520301
-0.28178211253722856844 +0.01351117371140347911
-0.18342820434490220149 +0.02591866654168267781
+0.01461664874214446685 -0.00771355480379565250
+0.40835164474949930957 +0.13322310492318512054
+0.06358122408117494739 +0.11636443402031126926
+0.31092308735102092143 -0.09740324214978823836
+0.41845705407890759764 +0.03757440725893440581
+0.06846945486911509837 -0.06976387141635725930
-0.31883007082052644554 -0.02445740611371549633
-0.12232015809967539122 +0.41769890882164173451
-0.00548768363962798267 -0.17838518734393526977
-0.36640349508343322826 +0.03812490760901909859
-0.10944677396596430574 +0.33009214084425142488
-0.18627492155384511863 +0.14050396632945327813
-0.27953468445203116799 +0.15010714331329871873
+0.11284918960392414933 -0.11579075826556789464
-0.16802247896304883801 +0.05690344878794023620
+0.03984935315831678038 +0.25600251463234863225
-0.10519803814547123988 +0.07789283610306396710
+0.32135953899543689971 -0.34445949180537616119
+0.01270588689152590822 +0.25929641417818682925
+0.26777533260449010166 -0.16285642708042402660
+0.34195019212885668924 +0.19705249731764218346
-0.10098765470507542474 +0.05632868719198314000
-0.41286160936545673872 +0.37530764787291021056
-0.04379114727853089528 -0.04345321720464528914
+0.00566639132898749676 -0.15772004151634394509
-0.45635860400326477837 +0.24205638753085217951
-0.12366606722488332482 +0.04411270753985507831
+0.26928617371250779255 +0.40736407063474588952
-0.08280082548750777871 -0.34539434084707826278
+0.12581670261271504785 -0.10917184882978797633
-0.01904234756431394393 -0.30880696130587415027
+0.10055087845166171823 +0.06101007347399545200
-0.07361472090407000790 -0.31402538607527102910
-0.17957865772641251612 -0.15663049218812058472
+0.10510374517895321178 -0.08988958720811007774
+0.35370665313466037594 -0.30470645650788247272
-0.16271442450983286676 -0.00907171148215057954
-0.22271137180629374530 +0.37616165392883971208
+0.17762592098823309916 -0.35141870317852780259
-0.29142107773817021998 +0.01127427820623488897
+0.08424499286613013060 +0.06656328668978328533
+0.17630527360452824537 -0.04037781811587426439
-0.09782475819262287375 +0.08299727617163038529
-0.11755021417235750336 +0.12949481528648881801
-0.09678031367380629524 -0.20445729340074914049
-0.38947126548799587686 +0.23343613907507276828
-0.02830024618449777929 +0.12532422509538349020
-0.22086703829466847182 -0.20492315056106019666
-0.12076862667341436985 +0.07618540399198386881
-0.33568756876874894512 -0.37182830686425699662
+0.08592553198221447586 -0.05498259975395053401
-0.08296623460769608771 +0.38842435569937389106
+0.10753276533665873105 -0.36975930104247889396
-0.38085157534128416534 -0.05475816886021334096
-0.20457381574382821343 +0.00965396078775276889
+0.20130366436154473186 +0.34630497968978041223
-0.22621090996629916736 -0.00163569969350724209
-0.04985028453873591170 +0.15998579860081790782
-0.12983400917773257888 -0.37797601540724140579
+0.01823018185249525303 +0.06088804503553818526
-0.06640526181458694666 -0.17182738809833575377
-0.06138183355048598688 -0.06780127276650349533
+0.05230984305479302598 +0.03233871554875245025
+0.22534206469132433970 -0.27943659402116638457
-0.00671033409283894322 -0.23801805345338050701
+0.00234972122796239802 -0.15148710908389689811
+0.01443462015040053448 -0.10766216433342173930
+0.04288473741119835925 -0.01544950829240215873
-0.25719667879580387915 +0.07519623309415418566
-0.00581573143279179305 +0.05287438583559861405
+0.06474056112748244329 -0.27940647026589054969
+0.28800789199219661851 -0.20560945688206327953
+0.03074323825025770951 -0.14465507158991330883
+0.22159896616239160849 +0.06518922841218888209
+0.00741831400780068595 +0.12568809347041798308
-0.11967475767655966212 -0.25432106154562961198
+0.26216764552922866560 +0.24395219597357536978
-0.02905500936343119456 +0.17849464040282442268
-0.25550691106613943049 +0.10168488322900021137
-0.10328759368510265215 +0.31854063719461361837
+0.14744040114690348808 -0.06067657424525008114
-0.23667793769280498495 -0.24014909358736391543
+0.35325290980646650851 -0.04222734060343591445
+0.08410475869232214574 -0.08643980270975759606
-0.00933132631731331541 +0.19159728763910721661
-0.41733717037887269052 -0.25112370822208385235
+0.17696793273241284705 -0.04606377117816612410
-0.22871099012070505996 +0.22141841930282230022
-0.11353146440456013400 -0.35255230765723105657
+0.14443092581998590029 +0.03414375144847353605
+0.01072149748589251717 +0.22365217394416564423
+0.37677690941642522082 -0.11513380670475487078
-0.00432210130829085992 -0.25689560396544613985
-0.05977020588785614263 -0.21539068459744609152
+0.36110243107596123879 -0.30242355773574286504
+0.00209479495108993996 -0.16486574798698300226
-0.05342656989734079209 -0.03380435790852015510
+0.03574462023815822009 -0.01262248650457536980
-0.27108920638651567980 +0.02377276109914766566
-0.08421936034973553920 +0.20950712525155695820
+0.02756497489320081096 +0.24513897613341667503
-0.38079003709611319861 -0.10716288275843516287
+0.18019879078050293764 -0.24504845229937521900
+0.20835174531254108121 -0.10815000978465294512
-0.21632729309036941023 +0.22428773305104937608
-0.14829626668230605491 +0.12825421216117599554
-0.03906846590027424071 +0.08226041496912767093
+0.00198714625193474603 +0.18931022834116090214
+0.14996853382094699203 +0.08173156470375142479
-0.05976704456526016340 +0.08610926829704790286
+0.15975116276272799398 -0.37280993481345714446
+0.29715777729045261824 -0.05782092963842855315
-0.00971121410008973784 +0.06051800690816927508
-0.17337826884496038149 +0.33548854183768500592
-0.04502610038294296846 +0.12863998230017625879
+0.43211036194293461765 +0.01477469570077116767
+0.14067002172307591090 -0.28993103008603177129
-0.13928337836464860233 -0.08444251926507978512
-0.40552435730611874343 -0.12023907259364646771
+0.04262391992047359635 +0.21441143056701000846
+0.03104815029969598683 -0.16983118655996798374
-0.38396653303589778350 -0.16077041521976664917
-0.28901054526903030562 -0.01900793820696844438
-0.14185395932865180191 -0.35426646463237876361
+0.03664151366839935031 -0.04380360481150180618
+0.35292349976879894280 +0.07438538219609280855
+0.26361448278913518495 +0.19006099604535836578
+0.11710953425165987474 -0.27772476654994743273
-0.11673053964922025516 -0.08796420759503709164
+0.36554266858417866493 -0.36878594135365916351
+0.12877350934458120513 +0.15965882873510495177
+0.16728107813896253564 -0.09139174088741253144
-0.19023999457547796643 +0.01385096606234625938
+0.24576007917071801545 +0.45813037025622538323
-0.02065882737332708219 -0.39160514466381962650
+0.30705018000406042455 +0.03699896196489144140
-0.10365322465229026561 +0.10194736499397893947
-0.06683156451017530086 -0.36035364048338835996
+0.15008055339130488282 -0.23145117272422011112
-0.05671303823160400714 -0.03031198609967655777
-0.03161470914632169560 +0.05162181040437524571
-0.33174812799923447670 -0.22360597354537453674
+0.13793243142056510475 +0.14050969390151196725
+0.09256373874238998933 -0.31799424978646501083
+0.08249728231018294000 -0.22663906800149591358
-0.11250959550747452464 +0.03993144666228187756
+0.04983540135354624923 -0.04429897483147854365
-0.07135788948507237883 +0.32153641435966745510
+0.15026633401765243647 -0.25321170078133986570
-0.04404236638229963585 -0.10623706253993397963
-0.03722056790393146741 +0.23261582412580794621
-0.46174602326234726046 -0.06131195846369252855
+0.29414385905184137204 -0.26579415853407845072
-0.03469851351837216491 -0.15458826876788939186
+0.26636171050316431730 +0.09238915777420020348
+0.00973757326139351731 -0.32474275612594105667
-0.12745884150029668236 +0.35550316089529232499
+0.01402748741507969799 -0.00229948869265850231
+0.13839071810300035414 -0.10446084988703030483
+0.34110072484671799531 -0.09712807628275321736
+0.22936594629566320336 +0.37955247938473291036
+0.22281394116970698605 +0.04359502822241556608
+0.01002836804750728561 +0.07604182993093772103
-0.12310968151211043597 +0.25153216216613744072
+0.29623893082759655826 -0.06290495166836557184
-0.09380990959664770035 -0.31255774977783984392
-0.17804758203720738585 +0.35710518988629608161
+0.13824832304476364353 +0.00679193207937450749
-0.19603115303515045165 +0.05383212900004197277
+0.28893670166260038146 -0.29529768268410672150
+0.14927210949601688039 +0.26739080256884895093
+0.15312078609687573838 -0.06768974971482011327
-0.39360886188729660162 +0.32163728147644043975
-0.02449904072266106958 +0.01772171669812394601
+0.12084459902893751604 +0.40723029073052591231
+0.04189832035212759376 +0.04663619807768587533
+0.15000646535309120067 +0.03114753357307425974
-0.10273852967738422715 +0.11177328517036017042
+0.29090389197531307808 -0.09133352207339417994
+0.08145833539397795420 -0.03273919969333605184
+0.04838039068728750003 +0.19808379836620304548
-0.15109117211053724184 +0.10257079106937905255
-0.27125031180252917595 +0.01367195719266639520
-0.02216190258568623284 +0.47304183623278456272
-0.14198440433695685980 +0.27542099713352480306
-0.28958276090311368955 +0.02671952315537157174
-0.09657794339742103995 +0.38209272120372472781
+0.13456688486396545246 +0.07656128073677126444
+0.25852761459175221948 -0.00035099005378169679
-0.08645160405786822544 -0.24459388970055839785
-0.26401176460185904471 -0.05102511939628823212
+0.11502076774685254801 +0.17857558033668169406
