-0.05525611429057181168 +0.04832123436884910861
-0.02726479076009236113 +0.07769833000442355475
+0.20575718848738350220 +0.12454239792399990350
+0.24890417600582570579 +0.19364954082643703881
-0.16655280566545871412 +0.06283584016266385852
+0.00879845191812361760 -0.02031807129197343853
+0.08059456275873727593 +0.35278275139980125319
-0.02627615305988878491 +0.11066001374232725674
-0.13936055944400005391 -0.02548034540039323392
+0.16355855643747463368 +0.33171323765030913400
-0.24575643792980172986 -0.18795722019861310637
+0.19868426045435894078 -0.17111054324621033373
-0.10332608489387828943 +0.35137330821109774570
+0.33002704185240056001 -0.38463788811099797194
+0.18919685179654144314 +0.16240053836254109143
+0.04309104833121985001 -0.00199585309140321021
+0.28916404594621158974 -0.07653719219814864028
+0.08855154239292178930 +0.29508192148707312885
-0.14985558547710697841 +0.19967113193904278967
+0.11597060253298691057 -0.15117666120045519795
-0.07909817133493268759 +0.08132783688100292396
-0.37749269884613195769 +0.11404724196326304630
-0.08616710386871995198 +0.17331341027763785823
+0.18300379851073866888 -0.13167737051226191536
-0.06541605520157922626 -0.37698370393767244302
+0.03965935695506822567 +0.04436172041818575718
+0.22233331277491374944 -0.05480717193617290484
-0.04324855057369508815 -0.29532735251843256208
+0.09590489069434016134 +0.25126904757372248156
-0.07730473721318459335 +0.02965909971623920116
-0.18872960249113124309 -0.03220550571145525121
+0.09537535216334069865 +0.21259483973148279867
-0.02904189488781738770 -0.22267650387690329783
-0.20719996133641210845 -0.16384424401992758735
+0.06235516153318171328 +0.33005473097321769149
-0.32518613408876062554 +0.06353871042533948410
+0.01398340636805228687 +0.08136427543404201046
-0.12849068584228429124 -0.23173427981498195827
+0.23686336885880204806 +0.14140909417897140621
+0.01101056780815756753 +0.21250476154559705400
+0.31331676225651161616 -0.30974137195447026816
+0.09916878230128250982 +0.20209189943555971869
-0.29058378548418795084 -0.13460407473025626235
-0.02539869000949956934 +0.06095992533264588120
+0.32932538385368631539 -0.28634779341742666592
+0.11979549725338584087 -0.35020630283343617828
-0.33183553253857506204 -0.13891831782432556563
-0.25704350425802108271 -0.39079768812976506398
+0.05149552035943727457 -0.18358451214327681233
-0.01201701503720470354 -0.23236385960883643165
+0.12921271070896822586 +0.33986586860757500572
+0.13639382093807778107 -0.00036520472748180488
+0.07288809268677470810 -0.35869459177508777881
-0.06218817015471961307 -0.06331332412976953261
+0.31376200457905517593 +0.18643952359481524850
+0.04184055566688688055 +0.45185516713535078814
-0.34421027120269054311 -0.39624836404442720372
+0.18363744490760969263 +0.29252526401746259399
+0.25783693011987968147 +0.06063954892391271168
-0.23894391454536378916 +0.31484223394246085848
-0.26221895858970084570 +0.19625698290861698370
+0.25537853027075352319 -0.18255623342768068085
+0.46132993715121289879 +0.13461440052349904484
-0.24749127874599230470 -0.28214335596974732256
-0.09199275558016367649 -0.00380515946621168277
-0.18218540055239029751 -0.02856530764665160538
-0.19636936802407795044 +0.20830992267737813428
+0.07178949266630524351 -0.16844568844114726769
-0.12239148022876561450 +0.37522494460829014518
+0.41405866556026510450 +0.39981974687992183348
+0.29630766069430097831 -0.03387252957937686437
+0.07548634709582779934 +0.41180567677161594720
-0.38051924962523903107 -0.26809761322843606024
-0.10450546723271847416 +0.17498117287279169041
-0.16596670287059522853 -0.01172733396809594320
-0.13624534454299985775 +0.13225286245383910400
-0.00149320207130271276 -0.22749706194744484522
+0.27090198697922474036 -0.34318514517781628648
+0.04454121473309130552 +0.02466732032369151062
-0.19869202641946953625 -0.32285951254686828804
+0.22711645103099492582 -0.18378233917364938943
-0.33885505492600709321 +0.04858106931794364813
+0.36657604116629949331 -0.02070076246434016110
+0.16919734173638195651 -0.12425309400455075703
-0.16471355413278060409 -0.05892248152941809147
-0.22381565008687287488 +0.08827308662923516458
-0.15978217717623538485 -0.06316978711420501158
-0.04957630079737584960 -0.12462127916087789581
+0.28628202576775096944 -0.06593173615393355114
+0.24073427663972651880 -0.26076539924627567535
+0.24726817452368299310 -0.13908715585662673186
-0.04953289350528899959 +0.29444794858384931713
+0.29153317880761558945 -0.07537770213186839596
+0.25079631695255422130 -0.08176183214631793650
+0.32861850922358315508 -0.00655990635476083606
+0.06526801693240003033 -0.02662171675117092073
-0.20313129003819180296 -0.06527207125769585172
+0.03246669235958932198 -0.38203297957428244969
+0.27554072195648926513 +0.32555877470852723210
+0.26966106465180045282 +0.08765567287321346379
-0.47444943013365442619 +0.02710552748950861846
+0.22618655931483128141 +0.04259263607784141703
+0.11475104481976322601 -0.25820847882179853716
-0.21968393118443252376 -0.03317720029242920976
+0.17076740918977090233 +0.03176391864114264107
-0.11555832876381572083 -0.00281633347449006255
-0.25190239240112560770 +0.18292983247805050251
+0.05594448536042107012 -0.01838582278457312480
+0.46897547102238662520 +0.05962180862534288694
+0.10336478194143827736 +0.31727496416878681051
-0.17665645635018673021 +0.24676744347634527177
+0.42736492550695848180 -0.36364902461324039029
+0.11108232761396219512 -0.09598177644717359458
-0.18878985933117575780 -0.30502213481520923377
+0.07292740633056332689 -0.30950636791069002784
+0.24065305587209856464 +0.08175184135154728304
-0.05597597546879851116 -0.16753986525994812862
+0.01000405513503876964 +0.09004552363517392966
+0.05568834053047377886 +0.10102595077914078292
-0.11319848654040420843 -0.27412437698852304413
+0.16880760746368572711 -0.07011940952124601223
+0.08601308362917409189 +0.19031020655689456778
-0.28341968789818439145 +0.05550557290543123301
-0.11173772225082256870 -0.01075885293470113524
+0.15968635587275997745 -0.03283109570475389871
+0.11443958019000682880 +0.28769166804548462757
+0.16557609004638695893 +0.14117228545619792124
-0.04286837709497853810 +0.31261524977640986478
-0.31331447690151437158 +0.13123642870800383831
+0.02278776700271556432 -0.16147061693189201925
-0.41804780628741727844 +0.02124926263488369216
+0.02445775646860948171 +0.15988708172939714025
+0.06595060801066859879 -0.21823137840576695146
+0.17262159304925844827 +0.26222771957378226970
+0.04797864900594028814 +0.24368914267473862356
+0.03172263900641153489 -0.10908443873761719534
-0.20297264012164645264 -0.07437260613561691436
-0.10328434250032775266 -0.01021919391364384255
-0.25096868858748261344 -0.11635427152829452835
+0.29266262706236700897 +0.36279814458015779977
+0.05798543554680324341 -0.02833443157779663713
+0.38973229718944601974 -0.17514095495270859404
+0.02042805709490186361 +0.22346383654831353249
+0.20322077229361035222 -0.36577138071869202962
-0.07770993063899950259 +0.20545536424266241937
-0.15404131350096700315 -0.05783910760585964095
+0.02359258776642658706 -0.22447098655088187913
+0.27723425262240919409 -0.24268992695319702158
-0.26513720249414624019 -0.17384791383983216884
+0.37040880199918752025 +0.39934945091280049656
-0.03117416523732352562 +0.04468620258604394380
-0.21224073930450121361 -0.04710736557312750206
-0.23781472889261390247 +0.22732579699744809298
-0.25443140730081686973 +0.09089066432608899904
-0.04987557769265543728 -0.08571209808400653829
-0.02422554068041327113 +0.11386389204056568403
+0.07578621134427238060 -0.28471504657076474043
-0.10858122822051236023 -0.37676211543212434485
+0.34403053044317460918 -0.37484893772034932891
-0.05139000459114279051 +0.06203260518035963456
+0.19408623468411217994 +0.10358506964039521092
+0.06762290742383353370 -0.15989129010468211556
+0.19828564569162687725 +0.14717389207777392679
-0.25788032888625728178 +0.23463482914804245638
-0.15615238547125775970 +0.08630199977463925975
+0.05128475794089931705 -0.02249763700943380185
+0.01034476395283573380 +0.22626951161846819982
-0.11625354886500166574 -0.19821013016780525406
+0.21411658142051076537 -0.07928291695909056580
-0.00138091490926761651 +0.11335498470636601320
+0.12831811326709285925 -0.10831495541409258410
-0.28222129372184395768 -0.18509330106139348926
+0.12340993147637252525 +0.04536173585682207188
+0.14336711773752180976 +0.01589399957646886463
+0.04781897999125717114 +0.27135260667487975939
-0.13842600543063077190 -0.13197994984434074928
+0.30640426694066708047 +0.02482087752811357184
-0.01906149845416021948 -0.36542476754958885810
-0.03533797390008242001 -0.12171659192400180460
-0.30167776683087493828 +0.11669902585307417864
+0.26719915277601857806 +0.19919662233071833146
+0.13227317231924390351 -0.41965612557474274436
-0.06907597588387276444 -0.10095363006040997123
-0.07438675621237250679 -0.14148658110654627196
+0.10759537937344271219 -0.00295608763172644506
-0.11251622715561548915 -0.23646642867652878373
-0.10972926412679651076 +0.28301199527786480292
-0.05613886736326745286 -0.31754116379225533207
-0.02868618179179399652 -0.23141826128662834616
+0.25600866172225100748 -0.34788125909521994128
+0.32007245331554051715 -0.09407193889605353077
+0.33178030843964789742 +0.17296123794761891768
+0.02955554955421629826 -0.01869456878910641384
+0.19712365708740392511 -0.16947719911060293851
+0.07443995471313807899 +0.03288453648886485725
+0.04538077588643407712 -0.32380055156599829580
-0.07030568123735819741 +0.00977484511643766929
-0.32563543921119630919 -0.41459019604554669947
-0.33036980962005402240 -0.02983057109287595710
-0.29730232677009305053 +0.15239624149225389216
+0.06089664553963475280 +0.26181819426567037867
+0.06805599713565801956 +0.06685151621446416836
-0.05385899227289508984 -0.09595598078430606082
-0.40463955328774625642 +0.29560630992447933796
+0.15401846733160062808 +0.12214822384940682287
+0.38624611865509328457 -0.05242196581350139217
+0.00875162259144318666 +0.02058507429402667288
+0.00647730872117469048 +0.19542074704702638854
-0.14827432233404003181 +0.41152628314970757240
-0.04847936511265593662 -0.07119982674552932655
-0.00242314858798087229 +0.12859866140490988640
-0.22389445981005678954 -0.17241190962210317661
-0.31231583806254392677 -0.26962763335844763812
+0.07991774273713098120 -0.29895123204313361898
+0.22533738623921362176 +0.06166189503679392336
-0.24214696854845019214 -0.08479135301655937873
-0.00427415283578203020 -0.32745056901747010558
-0.12119988477405635452 -0.09742625077671890343
-0.24443002660801266268 -0.02882159864445749120
-0.01246375848063713265 -0.30442856365601372870
+0.20930607242822069081 -0.35569243633789121573
+0.02737068613943799411 -0.00659048017162150446
-0.18073583032899953604 -0.09251785877128781976
-0.41479208934674310916 +0.00657996134798927157
+0.13892450137730949500 -0.46738872048794566361
-0.01026667897319305522 -0.12590025299806595349
+0.14637142000762848326 -0.12392832475963000416
+0.12946675827129489056 +0.04908193201103672187
-0.09896943564170845864 -0.18358917124520324204
+0.04854943220435581352 +0.12837070530915256628
+0.12940193625932061572 +0.10931105658256801139
-0.07235178699263572488 -0.32430033614323289237
-0.17984948805125972049 -0.02051949689555943035
+0.12897497039980920785 +0.24134234281159894220
-0.02663637760093662266 -0.04199022359425530482
+0.26247395968554187995 +0.09795711414916252746
-0.02099813950689394249 +0.26533237665514458614
-0.07432682976422844146 -0.19573761150442653411
+0.15354982709867709412 -0.18812835333511690461
+0.06329221216516967008 +0.12120712410250905622
+0.04429266997115322013 -0.25050678641127366308
-0.20565709147104993537 +0.13253193911945349015
-0.14846931402988666759 -0.27456925078732352663
-0.34963583470142439724 -0.19716859589295243627
+0.33238048293595279237 +0.06368873542158470791
-0.39717049933098685921 +0.19542496444258822264
+0.13486666848916090133 +0.26469851690472573358
+0.07845106177298821759 -0.00963980853400547844
-0.11002029435223120712 +0.07282256831228139937
+0.08639542292487617514 +0.10569325800299500528
-0.07787004520357726500 +0.34401171233193500454
-0.22823399213494599547 +0.00687014392503920712
+0.00365992897123784688 -0.04501801245339198676
+0.15455857593560584640 +0.29527893865532556239
-0.40987268583726221838 +0.23971817289511732074
-0.28051489205100454960 +0.31030338888450720303
-0.17299948123489000684 +0.41441570760371376769
-0.02063559154669003526 +0.21234392422780667964
+0.03412449158077079936 -0.07369347310374047000
+0.27794522107151670154 +0.20204159888215633689
-0.07090877219138375098 +0.23317211765178302851
+0.10890985669452968310 +0.34500010959780391673
-0.10323106983859114960 +0.33080801532938719500
-0.09904420459713725311 +0.23882614368176668940
-0.28411668887172480957 +0.08084050466157788328
-0.26841234651531437061 +0.17161994005442676725
-0.18317671863060075443 -0.22175244045834141549
-0.07500883098822147543 -0.02530210228864682165
+0.06898001409329385103 -0.02784070268428362471
+0.33999434371573672431 -0.03369456900422551637
+0.12685931530146593582 +0.11429532244639739602
+0.10772528426932370671 -0.21801324770421903754
-0.06206475536253341918 -0.03103563357757060936
-0.00694848942372561229 -0.01015728485569977746
+0.00581452983356378628 +0.11296835537819577278
+0.17932824128220908877 +0.02651135844513186068
-0.37020783101185966713 -0.21145820167078765994
-0.01432999024524778120 +0.02286128524641545257
-0.02926876310311177232 +0.10453287483631951149
+0.02023794848484850029 -0.16813192948646576985
+0.16377206510489455971 -0.19572350363125934347
+0.25442878442961519569 -0.00864324067482419300
+0.17090554539809749146 -0.07450714161080040920
+0.03416400118585227741 -0.14259949711541264339
-0.36505322475472357091 -0.32831779123564813760
-0.10042938026465936252 +0.29233745607925193388
-0.24939929398162230534 +0.10632486800824048068
-0.05866428354612113205 +0.00288390954974598879
-0.02926689076533700584 -0.36529950474343031441
+0.03293526477752017900 -0.17311159966265715626
-0.07052048318871018129 +0.28551838675147789282
+0.10429596022043757797 -0.02092373057763291522
-0.16344924805557353720 -0.20022669730236081209
+0.05855620794043625565 +0.21321090927139768612
-0.34645511753983782022 +0.37140733390663344116
+0.07546167074585097279 +0.31339890979895212997
+0.09583866562448684068 -0.18166349005271548167
-0.14966255071078232719 -0.29560802192424323609
-0.09981810334306290278 -0.42544138223667271603
+0.09131433455362802931 -0.22262532453634203966
-0.06379240248549089554 -0.12444306321204817722
+0.34821071361331173977 +0.12194784849827383644
+0.21564015431248251264 -0.34499304922578172272
-0.29009021136205137559 -0.13178350434712521322
-0.05614091592172304468 -0.43854118059159064025
+0.32132622398174448541 +0.00400933219390731121
+0.27252569545495103354 -0.07217661594476532105
+0.03506734648463266657 +0.03441375445408373368
+0.02140718339393721248 -0.03841521028583444464
+0.18219080012501570609 +0.06558687525459500067
+0.25142226178087007105 +0.23830885622565339821
-0.36169292130173696931 -0.14644350475411482826
+0.15710879064129185112 -0.15502737241597519535
+0.24199016151390967400 +0.14793536037844995379
+0.35059534880046128169 +0.13729059785666636317
+0.08885431581976688253 +0.00763677033871767996
-0.00943537080697215425 +0.23002186820169306936
+0.00812800471779651090 -0.01267408386270085785
+0.30378500710726841216 +0.03749551124173911010
+0.13519756388193421293 -0.23089308782702366862
+0.18150698725951325274 -0.11791196812522330983
+0.23341315790574518330 -0.17957411886527641087
-0.06459650300746067053 -0.33463196205501849478
-0.19307743185926634633 -0.04639919283838578323
-0.18973659099198031397 -0.22650502762207475049
-0.18177610419301337696 -0.00080620186438418173
-0.22040666691148474987 -0.05246426286665772931
+0.38167723240758183456 -0.17634945402908364098
+0.20975226436226457327 -0.13333648321491620159
+0.31300730085611183640 +0.18889687801534499334
+0.10781141453730008761 +0.09550388652981123272
-0.33403851234606757314 -0.39277712503547584921
+0.05558844509896021524 +0.16828686365214556853
-0.15458707984184633100 +0.25609302304881287338
-0.17813714392730006786 +0.08098735019223907150
-0.37431656486548120499 +0.04777287766186383289
+0.35025272679805408149 -0.16628386497130215327
+0.14302754219058039231 -0.13588760514830622306
-0.20663270067517547357 -0.10618543693013077212
+0.05246749332911848640 +0.26263614148993674746
+0.08747831667689626167 -0.18929862713699768806
-0.11170055374506354662 +0.37447148620553621923
-0.04285806483596898975 +0.10691380352398416331
+0.06529093594039081516 -0.18681924927602716613
-0.24939471589477929525 -0.03250578093544564950
-0.01461942612929606478 +0.12789476401886185064
+0.30193766807624566884 +0.05668179969903031079
+0.09677573647267961876 -0.16625559407501216969
+0.08884713716988018595 +0.19151933964555817314
+0.12701467163974727859 -0.00508657859785077715
+0.15687077055319503804 +0.13354351105326395244
+0.32439237639082130205 -0.12355225014395226912
-0.25808089258409805389 +0.14754849753659171618
-0.07465284954606871137 +0.02576048622534471422
+0.03869957252255873392 -0.06387608398518584973
+0.20760885757143993091 +0.08753960646813002677
+0.15844254495772119862 -0.07404947392133509609
+0.34319934819032676954 +0.31897965760031254945
+0.07958667893714971298 -0.08327329237693109620
-0.00611088333791903748 -0.03201460497041702657
+0.29649319132679941013 -0.04298590478491953748
-0.01888460449165785260 +0.39875617220802700436
-0.18377694773657721194 +0.01815653799047106665
+0.00748705188099313412 +0.12717942373781770948
+0.05045396034420945863 +0.23546459293521115885
+0.16377456475080770515 -0.34906411415307420087
-0.39389149077283780453 +0.17118176556177072678
-0.09980204000383391394 +0.26640299762429692221
-0.18129166447578765053 -0.03486298872164622642
+0.23379136638540809479 -0.24418347987647770481
+0.01885125666731440885 -0.30056125661779997671
-0.19114059911776892786 +0.07881416823141523809
+0.20501765669914751022 +0.24089109123449969907
-0.27887870167674222444 +0.30013710959636763498
-0.34061356139851256541 +0.05250365252740790689
+0.32803118853430535129 +0.00361590396473510101
-0.02484387796912052027 -0.16218236619993081638
+0.21341237160598441891 -0.31050799820746211033
-0.06541196652724146077 -0.26197791919015944728
+0.39623377791695912897 +0.24159636425246350244
+0.45655039754980891731 +0.37357687437524933483
-0.24728764319409696215 +0.00480543855946075071
-0.03721470647961888645 -0.28895431253955272677
+0.26458977428228164230 +0.14141749606229003788
-0.35197008972318399866 -0.05876714552858763874
-0.12777575019906761700 -0.14915982401777272415
-0.07072589894688763312 +0.03941976098363825232
-0.05132820886983957553 +0.01388749799012117814
-0.05063944111539836479 +0.36682063862677211086
+0.35989255432335898188 +0.19652016302713265494
-0.17160785816638468582 -0.03821339794228523212
-0.03795136996214293346 -0.06971064437862545260
-0.07544808483488935069 -0.30698848954976087899
+0.41685726938839151590 +0.13374746798127218339
-0.02944117453961259123 -0.02352222198907288897
-0.13787634439615409354 -0.10827313643293967615
-0.42688674072174359608 -0.22335834544972282822
+0.27645290965667429495 -0.01635204076908314264
+0.03480926826935715201 +0.09777620234910461283
+0.15037321700811501213 -0.04267034051861934296
-0.00309640502425689856 -0.03194701040089403810
+0.13041406607727279443 +0.19260857804504355473
-0.32841705570622081733 -0.14695425318848726048
-0.13653382159498078652 +0.26865578748951290944
+0.21603426234389239147 -0.27112778871112930279
-0.12853740159125953690 +0.11341057354580091898
+0.21657995252534223418 -0.36129749595940535700
-0.04798490252454384875 +0.20995123784836322578
-0.08120099550644283015 +0.22154668972516139425
+0.15862039560858659515 -0.24288428761004610124
-0.27855135949122866723 -0.07289989950545933128
-0.07574607059120808117 +0.01257207141065413980
-0.07206731807849897642 +0.04148486345316670931
+0.04065767231808453674 -0.18544211846415520339
+0.25905935321044376574 +0.06537342204571838788
+0.08501835440155608437 +0.39010403435107920966
+0.43372359323656833885 -0.03256958972730550350
-0.22396839326844508733 -0.33254064201347388607
+0.28877287093093517711 +0.03366272277658127754
+0.18900350082927636075 +0.05950162126818775432
-0.20869345083265827823 -0.01182358279855139083
+0.37214136909604916825 +0.04087443587425121372
-0.00348491701577136048 -0.32370100500260567955
+0.06435485566056386997 +0.18655415904257277582
+0.17128138663137565390 -0.21760657009366163317
+0.18247672343276566398 -0.16843494541824516331
-0.19781008575282116313 -0.10482608747811883454
-0.01780594089088244347 -0.17909930131141243992
-0.38519573321106642672 +0.17954791909445833031
-0.17714873039910067343 -0.25365220554674972053
+0.20163610254581615377 -0.29986302357085342640
-0.32893531236175671539 -0.32096973668963646453
-0.28119643268009308912 -0.31713742848022269394
-0.24417012571031393442 +0.12228677927812087178
+0.01773055708730136848 +0.23566186680931028308
-0.23196626278149290457 -0.21546720370903743591
-0.05957731307610936167 +0.08938141610011712812
-0.02145508630117742843 -0.06047352210699835640
+0.34829527984002850438 -0.09262880435558534797
+0.28590250082224505368 -0.20329256158441894042
+0.11523775383171785958 +0.31540866317457205703
+0.07368728810599006751 +0.14130123743080980070
-0.33093062538876294454 +0.27123330798026329402
-0.00639374975816986435 -0.09182941728350979549
+0.30718838628599087759 +0.03172003556467828389
+0.31870020226136763775 -0.06505129209290821946
+0.12170434230277860088 -0.08036647299581889392
-0.07732504103619258773 +0.34934726167036450617
-0.05820157174432838421 -0.39111149012892770793
+0.39897098398321134693 -0.11939474791997295444
-0.23494047538715800982 -0.09977230625313376899
-0.35904145131309672667 +0.24735187302862010617
+0.28970175556731031508 +0.08680337026615919660
+0.01534630273109188758 +0.44061020469977441039
+0.11779504813699043231 +0.25511158235262110239
-0.02794401422453135497 +0.00695982271268585917
-0.10614882843662581946 +0.29508289210856425422
-0.20080941393338197498 -0.16507811491155754968
-0.07233192917956304813 -0.22335906119196080599
+0.07412466571189024744 -0.08125469887152375614
-0.08751695903769618479 +0.04656019148073903269
-0.15448315216907854142 -0.17089322083107155725
+0.03222607414174150087 -0.17026336204659270335
-0.30159640333867071549 +0.15368108712003797356
-0.19003750796112306443 +0.20669055151574694529
-0.31745071028686672188 +0.39403234410270854271
-0.04894789579177921679 +0.01115545017164859543
+0.18635393326884158727 -0.06495999231025401111
+0.13895260584016105865 -0.09699154588779562713
-0.17135199381393667606 +0.19029228200456582698
+0.09814377647730232468 -0.40450085555223569411
-0.00225701785140958178 -0.28454090536907389319
+0.02153780198778765254 +0.33458326726314768784
+0.44038655303828266874 -0.20563165589151938262
+0.07381452776652158709 +0.18792466591209944227
+0.18123838221697885498 +0.09712698715037121344
-0.14760629357621107838 +0.02125804930101932166
-0.10140478159249821655 +0.08152462379140251736
-0.10287913568608986203 -0.39253845324865477284
+0.14018072714134605095 +0.17262510972397132614
+0.06474178337851588250 +0.26340608599645060073
+0.14898067701696321441 +0.14819320583661943491
+0.09494342883292622437 -0.17124077737285381406
-0.12883936037301635391 +0.32160545810053370319
-0.28319540329678288826 -0.21274897308477258573
+0.06680562012075164091 -0.11827959283798838985
-0.36286723545767091137 -0.13624900826816654931
+0.03397343747750991572 +0.06046486234026576811
+0.05600155023887598560 +0.00561487658419973501
-0.08443381964866442102 +0.16996073772253600387
-0.13554050639605902395 -0.12533959879578848717
+0.42718513541951008694 -0.11227025718683231181
+0.32248574116475020590 +0.32961695619138409175
-0.04074604730052666657 +0.20648808865224743680
-0.26725553623933029357 -0.06604764060827322814
-0.09772727128015468168 +0.00810519828937239506
-0.30064955113798569331 -0.18715015712381477542
-0.12333841782271565135 +0.11517356518842220003
-0.14656552206882700329 +0.18202416447845787273
+0.02680188365792057770 -0.16350908623894888638
-0.00162940474158251858 -0.12083641802101668938
+0.00663871769103258069 +0.26566901061785808125
+0.01948273384379245465 +0.26860622161915198580
+0.10244506375451889468 +0.31625067536900797194
-0.15733820342827387062 -0.42519420768672794297
-0.03845761686375964716 -0.18943651261609856240
-0.13685077047362748104 +0.03289799150286537577
+0.11318679835200090578 +0.03771164980495506081
+0.14098601450354364406 +0.16746755852300521106
-0.35387677756707092147 +0.21915813503845604782
+0.08195742200533834287 +0.03524665054764514194
-0.01898573422719107562 -0.07476075453380820468
+0.31839638992212154767 -0.15842677398782761822
+0.41921710047806104438 -0.08105443134956058504
-0.13232559267964599803 -0.22148913536818840009
+0.04512367917503876114 -0.00347544621638965368
+0.00168357374676325004 -0.31598529983783330000
+0.13201058101657753285 +0.15498605377276244988
+0.32901528800501345096 -0.00832141978189616070
-0.33288619240187283799 -0.05944622849980680385
+0.02535938127090773403 -0.27662238793325244490
+0.16922999669700941605 +0.13228562752815836712
-0.16334853359333684208 -0.26594818193694186315
+0.09594737812123052545 -0.28246916167122709806
-0.09356096131680111117 +0.05995514860946495744
+0.12763184948761061022 +0.03002296083582495917
+0.07316723695678226114 -0.34217984454817490514
-0.23339310304386859385 +0.05445204197737725516
-0.05029677805615494213 -0.17668482024447737522
+0.11250580567165065216 +0.06242465972444442152
+0.15775823794910004416 +0.21011739030299397823
-0.11563879023301745774 -0.06281498794575116063
+0.40249160685770091206 -0.04428317494464092258
-0.00648591238829183524 -0.00442454937676049764
+0.25216703238798199305 +0.23105074906986827754
-0.26460533217978288167 -0.08725130887505755384
+0.43638540946644277518 +0.00958062693082420425
+0.04310325708141553996 +0.34775336310731530531
-0.10754344906908355761 -0.32236782115531553705
+0.10749128862002439722 +0.04158911051857764468
-0.15545273306950435632 -0.08000055614459718190
-0.16322809576470154180 -0.33992019651372318290
+0.22046194819164999235 -0.30638507311006191181
-0.06896797558077069623 +0.04381255931729067382
+0.09977546606308826393 -0.09410142163481301225
-0.04155163942760471685 +0.04753140704888977885
-0.34483121385024884109 +0.07965220057818693522
+0.13548865783138849817 +0.38708143265806738142
-0.29466792011058595691 -0.16869225925782441178
-0.03581218154680364252 +0.09915309933094174077
-0.08485168641152963931 -0.02650597100723153104
+0.16329574141057456860 +0.23798664073374933836
+0.12197335331683918647 -0.11340033845466392093
-0.31921840537061657583 -0.05503865904310359380
-0.00401453114532828587 +0.19703337418868466235
-0.01509193449925991248 +0.06757759203811797288
+0.04318216170632704215 -0.00142347998244467082
-0.29153381132819405908 +0.12369797465144968807
-0.19904610216299156722 -0.31321871924518174257
-0.05326467392198276640 +0.09734163461174688559
+0.27386245931005526177 +0.02247950690366606885
-0.26603642735560212307 -0.11891783014736159729
+0.33384648469579009111 -0.13896009393693128930
+0.23988934197330985532 -0.00824585346506301331
+0.20372481314211907111 -0.20820436071734160777
-0.50786798248730513627 -0.17761065984483745406
+0.01086004343245364212 +0.28750429387614379051
-0.28061860772974239753 +0.06632511230208754105
-0.08946526647619573724 +0.03783101743739792494
-0.24865599642774588451 +0.23061042220889571563
+0.26875670733119694233 +0.10804804805624754205
-0.05214316672956860466 -0.10197268913452023353
-0.30024813863695942739 -0.14095937670090447069
-0.07278996551770995638 +0.36022354991488758635
+0.12888759617267137036 +0.26122704534062651804
-0.18726996064112905183 -0.04430489514571556153
-0.20720809470585510592 +0.29865209973566431145
+0.26015167330486443920 +0.13897629954272566755
-0.00883931715522016936 +0.14077211034684339319
+0.05438631319873141190 +0.32906402899672465567
-0.19951367014710139069 +0.21479786806265516175
-0.04740854099653050990 -0.03514244151914305836
+0.07294452557844205431 +0.16133597577252228872
-0.16281719138948069769 +0.13756065969152581063
+0.11645446478770823950 +0.00275574551607643548
+0.39307926093907546994 -0.06857810502254600704
+0.30194387840799019607 -0.10226854799202322877
+0.02036769081986596758 -0.15190921235482388041
-0.36384915822513924644 +0.26296333909110869431
-0.05585050822237434820 -0.12640101175289686353
-0.12016993596495606500 +0.10026193055809740073
+0.08670505895694832765 +0.14849166582850500951
+0.14610700849571003901 +0.05233771048129766401
+0.16010703216402721871 +0.28133370965695381205
+0.05637782561184599694 +0.01625735223775266400
+0.25988168630021751815 -0.11251880504811609396
-0.37976555547811613467 -0.17821945060775493119
+0.01084141254615997307 -0.45890950557776466479
+0.35665342559151502755 +0.19635569748505254939
+0.21243775588989011194 +0.07716817404468449826
+0.17931209102118828014 +0.01751797204370530991
-0.15684150854365971894 +0.16679919166299927991
-0.24098364824620840952 -0.07171556310172730320
+0.09653703334328557484 -0.26288398932372486483
+0.00627155969733628194 +0.29670021553697784045
-0.33039248762714479302 -0.26291078298646142208
-0.23730440817549855459 -0.14128981528870709905
-0.07693707821426581939 -0.48667648582912914623
-0.02990747971946386419 -0.45888724759236065864
-0.19090420916130074191 -0.01309166393795470340
+0.03589081427488538534 -0.16959901754211142988
-0.23960575302671591191 -0.27542037067983832221
+0.13245578894355020116 +0.14771946532116941864
+0.11266164603037204239 +0.28596698823152250091
+0.24704269176050974721 +0.08967435622439912102
+0.41102515294420483016 +0.17042918298696685397
-0.28297049448380567904 +0.05755862321128303594
-0.10425567204867955406 +0.06451710552624209671
+0.30004668806835499417 +0.15586743313406442590
-0.22482421199252336508 +0.42405689030504900572
+0.16055786603476238095 +0.18645026290834976201
+0.01349543363336415391 -0.08202897382773495505
+0.28696384549357228932 +0.08539453742828852223
-0.04376110889638322454 -0.01546510771400413410
-0.06105974157777727118 +0.27744856041482968134
+0.16414262545859337195 +0.03843741886137785890
-0.31019619129566938787 +0.15385372824450327389
-0.01088749202643307656 -0.34117429009568700504
-0.27913407171629794901 +0.18468336939025398191
+0.38029266277412088204 +0.08303318226343714414
+0.15780417277610397919 +0.19906468888528125460
-0.36461550056480079851 +0.06047526316442963790
+0.00886695318851728198 +0.12642503717924408191
-0.11152601238917186910 -0.23930659991259037311
-0.05968953256328445034 -0.12537321216172342409
+0.42428706190800247189 -0.05603218541333412905
+0.31139236633171724078 -0.13162972232352176949
+0.23037491701132717381 -0.25393121855321348912
+0.24533158319964570859 -0.22033977511636876345
+0.27109001737230170592 -0.34938834538208268787
-0.19689730594278706532 -0.21339347815346018655
-0.30176177315408064805 -0.17597844118596800422
-0.23844967056546390038 -0.14534011967925808406
-0.00175041487833346721 +0.25946566850051244746
+0.31259143884637807798 -0.28853813684485285496
+0.13665540018952318513 +0.10673750361225523009
+0.01544453478085061615 +0.18975272728830638869
+0.26721370404682320832 +0.09474351595083119193
-0.23789627749441771831 +0.02248823516696299429
-0.00131417803075242062 -0.12200551201147410985
-0.09440688593130741602 +0.12738423223004841089
+0.13491559934541208499 +0.05385414980570163435
+0.31928339752482326475 -0.10672963377472786950
-0.05695585201286858940 -0.15377381494783337601
-0.09050168945519965202 -0.31412985926048420104
+0.00022725847087334827 -0.19341665684919731594
+0.29690229663973699559 -0.05666174735499354687
-0.27553804289175626296 -0.23338614767947454820
-0.34855281468462401273 -0.00385488414957982362
-0.00368320301465312194 -0.05777519355043932159
+0.33615480513044498911 -0.00130301290405213099
+0.04063847555865681554 -0.07115200228208698463
-0.20279952335294615384 -0.18692430566976578343
-0.13838600853273122504 -0.17758930477541523540
-0.15422728051781942060 +0.11905814574174033993
-0.19014723211272199777 +0.08160448269090833651
+0.08989326803621267015 -0.30564190049112088809
-0.30060391458628754613 +0.09864921000539178531
+0.17882027293939845025 -0.12312506780100607173
+0.08493293897203495202 -0.31120649192625660096
+0.12398414246967676133 +0.01478905762487655456
-0.28315595860494902070 +0.13374665501618954178
-0.43540348749806345729 -0.05703119543554299731
-0.21331128513097047383 +0.11366206021348405908
-0.00541771174173116821 +0.30965207774341313440
+0.05688702329452960393 +0.26964800007210709687
-0.16649874195154737433 -0.41203073906706555452
-0.18121079157902328371 -0.10401001565666208315
-0.15328702871628996363 +0.28140151871040713916
-0.01553602080472599178 +0.40355219190373525784
-0.25215652368483643109 +0.13455061018147107532
-0.18640141125388587362 +0.38485366717236713097
+0.11050205030286203156 +0.46457056283043485223
-0.03945396889169043575 +0.13534056991263102021
-0.00606843614889031324 -0.15089807689110590339
+0.03262641178788056040 +0.13792164218624103356
+0.13660456577673721346 +0.15020468214816512509
-0.22015667691916918081 +0.09855095486301365670
-0.39088508887021372606 -0.14773766558194653675
-0.21009981673091659982 +0.18714054904607230201
-0.03810554819520783898 +0.03060519788562200000
-0.29892982036184267969 +0.03897344941958962028
-0.12456503637520710548 -0.18333056927883739640
-0.06015041711321441470 +0.22480470687443165900
+0.06237001588090468340 +0.42587109222320440605
+0.28465122052117292073 +0.18789013788653580184
+0.28683657613019564181 +0.33221500480177812431
-0.09689444403091382330 +0.07088676934617604841
+0.12374191434320971905 -0.18575126269762015641
+0.07526671314819032010 +0.11123749857494494298
+0.05136605727757843909 +0.00096015646158777168
-0.16220182867120777614 +0.08170928454744233460
+0.31271388568610331005 +0.30057101910387873378
-0.30542678002984907648 -0.06051575950813586902
-0.17282382588819797387 +0.42349812138916897997
-0.07956546838076335171 -0.26037199586566484033
+0.41056378946404714636 -0.03714969023689806971
+0.03264613331153099623 -0.15249078902795132340
+0.40683285421909165525 -0.08819743737870791578
-0.00103837233161424135 +0.02596828992892645516
-0.04810515508350864805 +0.11120498771387506143
+0.17849591146045870604 +0.21015532141066112226
-0.17521336904708287308 +0.28700911971147752277
+0.23748533509216557258 +0.29835431121665101362
-0.19661316295847874880 -0.10383743634607858763
-0.16934135138724434877 -0.12149568616682443478
-0.30447065392901523362 -0.04153174546308940895
-0.27333622214471775536 -0.15766677554411023809
-0.45206385604657284283 +0.18513171096741776189
+0.08600040882023005095 -0.37583962256140679425
-0.07943605910104838130 +0.05064722630535306580
-0.26641183456515882266 +0.01325669400626451611
+0.13407870476550962091 -0.27794882915351842856
-0.03565971404153675528 -0.03779639773598091057
+0.13271729390358852352 +0.19243204993678167392
-0.21135921239047217313 +0.05637837739993711850
-0.29189720344384517681 -0.21482776170721501474
-0.42333168013615546377 +0.15161958580655152118
+0.00963086091112280891 +0.03684103132459382035
-0.40062645726036982818 +0.25907602894863096532
-0.28245704686930772631 -0.29155223413895148266
+0.05480185665097927344 -0.03721607647793542806
+0.13595115672215374314 -0.03309577152853019483
-0.03182281382077238596 +0.29719517758658320350
-0.15886526534480288619 +0.03768384258381127228
+0.01667408075121312033 -0.06160459361774210663
-0.01055199622298362561 +0.19518128973857629127
-0.09288571786315041878 -0.36053856472879808326
+0.33534555130039911397 +0.13953815646619296964
-0.08833833575461408349 -0.38311474157981656452
+0.04554951603042778352 +0.10010861434427062444
+0.10996130773370234313 +0.26423800406250369521
+0.00605868393797492216 +0.24458960497130227685
+0.08160767390873950589 -0.13653343630865219516
+0.27739731442121640104 -0.11522600946376188036
-0.11361937970673946507 -0.22638650458291390000
+0.04019622247163461004 -0.33079523466038102120
-0.18437707731769295560 -0.14951272445601740402
-0.11251954547766211678 -0.13360240377678642143
+0.10791804388919021274 +0.07535799111787852556
+0.05458190781755022786 +0.05748792694346316345
+0.07774684345360290127 -0.40217907516791540079
-0.11957768829454606951 -0.06837173297296400554
+0.22526454439600374080 +0.14033943806926324482
-0.02066881061522018656 -0.01483747710739653433
-0.24034762977366627701 +0.08894047435373036992
-0.15209928332972030840 -0.01949553611335571104
-0.07113330468531911532 -0.06608217981655307993
+0.05571240606570538462 -0.26124966908318758563
-0.47579878120831425869 -0.06903756445727714242
-0.34301330875305657830 +0.33137499055955749183
+0.07340377448130137872 -0.14943275341535150469
+0.05329989622201811161 +0.30518909181004783004
+0.04916922212726413527 +0.20901109099551615222
-0.28231339085741657957 -0.01737148623292706848
-0.08080953766410746419 -0.21074461090145657494
+0.07565370962740985972 +0.06350027788404088991
-0.12159842681059856995 +0.07073949467508205968
-0.04667357079941145126 -0.24087838122881030656
-0.01563657094656402749 +0.10923848599619193078
-0.40417843012310167294 +0.35270499987785380869
-0.27404367912425220410 -0.07570539053093598703
+0.10576192505598124016 -0.18624477696914024105
+0.03374749250963722524 +0.21397224008783324867
+0.16874576070616975620 +0.20439732360420215240
+0.00744970289219670095 -0.07537711771660042526
-0.30656993075847971397 +0.18647230323535143870
+0.07356100068440443729 -0.12283419518813630533
+0.13783138638850464530 +0.20595262732756647317
+0.12287204765135115170 +0.40751648381540900301
-0.28865742316213616192 +0.18681918800939037451
+0.39141772448434947185 -0.17376135268685405366
+0.32520445779264051112 +0.28259692464233576725
-0.22735853565534208665 +0.13373161425832533200
-0.46455308989164750821 -0.16034853182421704432
+0.00963479820664780995 -0.44953016801822576198
+0.31937028204655076857 +0.15206967333117896168
+0.29003232091713698759 +0.01321405814886086189
-0.16080446822949229224 +0.04905364990569197059
-0.13894460802602928706 -0.11886446378483953024
+0.24377938938760818077 +0.10097324300138166286
+0.00615964002109120612 +0.37163263524229578350
-0.30027957499208679515 -0.04747885860300786465
+0.19802869204141365644 +0.16662473306727229594
+0.32298206987794547684 +0.00061774317209585539
+0.10014230081107362846 +0.21327681913596979735
-0.02900026280825001787 +0.10665084147123438107
-0.19185352444592412846 -0.11760615655618696096
-0.23803921548522591345 +0.28732687488795771724
-0.27628142878162414986 -0.15746574963057802243
+0.11349492699525783046 +0.08866458513604252856
+0.30523519214090916174 +0.13060142151384226961
-0.15120086272722035869 +0.01276411793571406023
-0.24985398843265335667 +0.28557075437076473445
+0.03273209244548674207 +0.24401164586332627082
-0.20080359544131082261 -0.05031371155800393874
+0.06126003284435758284 +0.09607330113337220201
+0.06487060125476203087 -0.37675766246105962809
-0.21136323666837125712 -0.09732919732035083538
+0.10780014523798114867 -0.23662353572016184278
-0.10273698452681126470 -0.13569114598745860012
+0.29403974424674317323 +0.07632396313692352274
+0.35223530536581298955 +0.15829006065975126383
-0.25601875091103692972 +0.09056751297761680974
-0.00511235890419524039 -0.05348196061029551751
-0.25265290594572564764 -0.13660063210174680504
-0.01974155725508185480 -0.15994572588109601252
+0.35223392720717955351 -0.27797038419300890144
-0.11610353725258633351 -0.00169930121232519243
-0.06546912621130482335 -0.11483045120297989683
-0.38455517116201687333 -0.30451468595281250273
-0.27840981086036831194 +0.14489544646111446324
-0.14549655417276449731 +0.27224826387937040018
+0.09370650944057253018 -0.16918083710496906180
-0.33929590558172390002 -0.04792440268378951596
-0.16461548936095077300 -0.05636910314071325728
-0.06119464083461927106 -0.06261598557359969452
-0.43702950143087171408 +0.06842373002071817922
+0.26013038815006583881 +0.37484032772702613467
-0.10160420740963299613 -0.44463088970790409782
+0.25602488600786982298 -0.07304326940881368524
-0.30332703943552219439 -0.06458906831718994046
-0.21856742119703315153 +0.42286936799071317417
-0.16278845384894641279 +0.12027718030954692718
-0.03652888361946059897 +0.09870172518231093428
+0.22181423188490087539 +0.06224440280520641966
-0.26018331533234922981 -0.01507458968280897538
-0.44477046135302200636 -0.02296548532725001257
-0.22504639596673051138 +0.14664679671148803108
+0.29872855203148140912 -0.04920425020224322710
-0.09748520065881133290 +0.34484565938592270928
-0.00865826856980350668 -0.13275311290102459472
+0.16080846780841634436 -0.03132759596669055374
-0.03017224075007075151 +0.05187839901697626627
-0.27998335022284831508 +0.05540098507062941879
+0.12909402226475788500 +0.29786217256284980293
+0.21553767583558020027 -0.25139530096627571432
+0.32848276078115318244 -0.26186881203932121931
+0.05802209236454782676 -0.00364994376360075132
+0.00465239090713207015 -0.30829435221843382031
+0.20022901385323377266 -0.10076186274981467628
-0.32301016522678605014 -0.31908872006573785196
+0.11065739495336728015 -0.26442230431444602168
+0.19995292741802994652 +0.31768423484280855495
-0.17251575475497249457 -0.33598733438661132489
+0.08811325911675393918 -0.35693276280331742711
+0.16478289929116990420 -0.32144864774579662292
+0.17368483526598157973 +0.16497015223970767916
-0.28142144733923690758 +0.17554167542704676719
-0.02402449212504387949 +0.12426850336436459643
+0.03153444284330905734 +0.16264679229786155323
-0.07595140733716987391 -0.28811753232914244505
+0.20830025480629610346 +0.21788133548848936938
+0.09096331480455203955 -0.25399959965949558960
-0.24262036698835651172 +0.10146250157796002367
-0.12515656515118583902 +0.07519627867515027431
+0.42754131118909272091 +0.19296629362021314180
-0.25570772426183058235 +0.34834782158153337894
+0.09758329489207945295 -0.18892001039482786418
+0.04914161480272966065 +0.03240586178653319382
+0.12463907147366429240 -0.17743278750711655167
-0.27097614613923914906 +0.02220651625487043979
-0.01610743382935552956 +0.00567288370360931847
-0.07697019664739673805 -0.00443649021566646512
+0.02513004055963152100 -0.09924353293245656571
-0.22106199977472679175 +0.15220012851769498807
-0.34936213772819901813 -0.09696490558679399241
+0.29452158821900481511 +0.15000859154499809889
-0.23078262115157141543 +0.17774750560426946788
-0.27370565538609203937 -0.08099081240656776093
-0.05290316128372905824 +0.24773673131199283604
+0.14890025734201034480 +0.20070622451498917882
-0.07819659961610661569 -0.28723902231312270494
-0.41962477101958378656 +0.00279143274787324591
-0.20681941982395532498 -0.14739999071359483063
-0.11047344983146092923 +0.08497981112413897919
+0.26817483673650049925 -0.20267305536670104926
-0.28312810734224697073 +0.24866652296423355506
+0.16287560268289708043 -0.15344489511475845056
-0.14517693204876053192 -0.01922300020427200606
+0.08286632229247634096 +0.23526318108119842476
+0.10180680090142749106 -0.19582067148529130884
+0.07484286887995306170 -0.08149011180220146200
-0.01806491956255140696 +0.25580413730793860605
+0.34648075377571180278 +0.20208683659682202816
+0.04962243569388771758 -0.31716139190366687828
+0.16130285828992424468 -0.23310495406592557366
-0.18088676860748612030 -0.01181203129864714929
+0.21138481358309293978 +0.27558062635988317401
+0.40651739639748107891 +0.07507215940853648184
+0.23332201703411617477 +0.06817605058822440167
-0.00235036153613144005 +0.06845975611548368867
+0.01410952684193447770 +0.43373661774993860218
-0.01049978256342191246 +0.06281960813382528319
-0.37427685332392335305 -0.12843824545997645226
-0.02371550182088421818 +0.04136642319463897099
+0.23476058196397603384 -0.12692089684024276952
-0.26923216154886264739 -0.11665059132367254502
+0.06130636514615898924 -0.05351688048612292942
-0.27563395045947569617 +0.06279050892097037817
-0.22139070329184071251 -0.13321409498310465835
+0.01416116160522631895 +0.37645278550454652766
-0.06924139737973411535 -0.31181046160861536354
+0.17180610966978859810 +0.00427635894859394738
+0.08768208058652102177 -0.22777224487396247055
+0.07127071556219402582 +0.27786487239929852366
+0.17659420755329055530 +0.14785940206086214954
+0.07654034147084709527 -0.16541796835263217202
-0.07092883664478413785 -0.05595846034186445495
+0.31059139018047177139 +0.26906958804293473753
-0.33248248491195642185 +0.01943295310482734406
+0.24217364223904619402 +0.22660344230954143629
-0.13416306472060723909 +0.34712434054070973044
+0.24903323577091029950 -0.29230629227676580006
+0.23554428960322146280 -0.31425509134522422450
-0.04119326012336479992 +0.13345868868593016576
-0.18212940629309729013 -0.08242284878453592922
+0.03317690351880939886 -0.04782534646135335604
+0.16382016448850714174 -0.14761375886780150890
-0.09591908015080286010 -0.06621286935912401583
-0.08391693130208464912 -0.16812178974878275173
+0.02363753184583358702 -0.30836095021882131695
-0.12059900562833839044 +0.24848273079645227801
-0.04021960959659707374 +0.07948251038332831975
-0.14716527111071708855 -0.22737940998890338040
+0.18840651900116212047 -0.20229156034111187012
-0.15137869141629595182 -0.28010853209811475972
+0.14758427308176252923 +0.24440964753439931023
-0.31420556627086254631 -0.04385009205399603704
-0.07415111321257186749 +0.11453450655558161664
-0.06479872503110965798 -0.00778164305702051459
+0.34919204465581854535 -0.05770007594753290281
-0.05409597925138960595 +0.05725672072904767346
+0.09837522145421742636 +0.06704016711006688389
+0.16342340359621915225 +0.13759831286923490667
+0.08371004169612797363 +0.37530949545149328017
-0.04749609856087459031 +0.17934415652556598419
+0.13766294102782702935 -0.23671174845833009570
+0.25223114344890529281 -0.15072494420477550170
-0.12051018084368705918 +0.17862291610743250003
+0.14456309982363715894 -0.20705517969405629053
-0.01463902473363712375 +0.20337058903911509056
-0.11279872506077624761 -0.16387363230617468801
+0.12269663377692156814 +0.12823532148070662662
+0.13118076203070921926 -0.03327628091317488129
-0.40400084821467874274 -0.27839328176013367067
+0.14239914499711842089 -0.03634281149329968846
+0.02615337215584548347 +0.29985286425468588023
+0.41203201904321318239 -0.17729058593163757318
+0.28190083114700947853 +0.13755933626933661285
-0.24946168322824560648 -0.17691388720207817942
+0.14429907837413391558 -0.20497927612240773865
+0.06473329577054665052 -0.39940879815399288333
-0.01814574036512383443 +0.15613733633445486815
+0.01504645172280924537 -0.13506252589026288002
+0.08819528519325249560 -0.01318666494334794909
-0.28184174827761032667 -0.31131022777110695099
+0.15297280679059660491 +0.19928678802576679785
+0.27525434182305763553 -0.00076710143007022169
-0.28078288242437127176 +0.01103627926003647453
+0.35601828397588086705 -0.04018184695642690318
-0.29570252835126814572 -0.28793691626163270270
-0.32118850185334013592 -0.27155599490631471271
-0.00037219132663700305 -0.11637178898521438608
-0.09189153302209888963 -0.04570906987316952080
-0.16022058767697397452 +0.05592597993808758050
-0.01369539769582946327 +0.04485230678173812713
+0.11289419194488134468 -0.03360289712783929433
+0.25250253218906415498 -0.34214273691561036816
+0.18283091057731831741 -0.32057905196677172199
+0.00866409239614078508 +0.39064116831812706332
-0.17670632702675626025 +0.11630004332235613362
-0.32863524434167051824 +0.00490690460939412210
+0.27096332541024165108 +0.01720631000921198778
-0.41621764926523546757 -0.20836903764247055593
-0.03139631894392551359 -0.06872445470688234859
+0.38439174918845242512 +0.00777482417357304445
-0.21055543093353124018 +0.06427630802374471874
+0.11118055528197645643 +0.16058875107260425774
-0.29743029713610230624 -0.32943493446897875732
-0.25461089440821499386 +0.02190408776352490566
+0.23108877613589007272 +0.02627965865411320198
-0.42834386080947689512 +0.08797404924415824778
+0.18160909676954320457 -0.11169294636242137198
-0.23180872996063486835 -0.09019376507388079944
+0.24388155123907823141 +0.15773706189361280661
+0.13557649420961120912 -0.18217955065825375272
+0.15918676406695686509 -0.03159477967539173204
-0.01220145322126959739 +0.17948229014046174212
+0.21207561817451769937 -0.27831245142741362075
+0.19637984222703117054 +0.36005666948340281364
-0.18508460765811757254 +0.23327648023767472152
-0.17801890630191005704 -0.07851688683916846490
-0.04580610786449077626 -0.13756112290131300435
-0.02927954963104017344 +0.06135347281251563728
-0.00957325587475752263 +0.28471258364372115102
-0.02726906405336754560 +0.18596109586693207461
-0.19286041836384226755 +0.04897122738854954582
+0.11051340178454126251 +0.05772967700831373866
-0.32105404419823829754 -0.19602450169278320957
-0.15156991852443285618 -0.09310098682934171699
+0.13998404419134335974 -0.06269643339344371791
-0.31079219288312631697 -0.13093008827311691800
+0.31374091651116797763 +0.21779219913708147693
-0.46992989016859315621 -0.06127867930852050338
+0.12488815239989017880 +0.00907961671259469028
+0.26474863400590753493 +0.06143363372803167799
-0.21449956695250207983 -0.16862628055114936565
-0.24658988293998851393 -0.13548240700810595949
+0.21099432255746655707 +0.36441669301663981440
-0.04205999949947626659 -0.08770786318012582794
+0.08484867194921663636 -0.20383164175615972602
-0.03710916230096440727 -0.43885728369223453438
+0.02933488061218278778 -0.00547210965649635658
